-------Sliced
[1] 2000   64

       coast       forest      highway   insidecity     mountain  opencountry       street tallbuilding 
         256          244          183          233          283          322          216          263 
-------Splitting
Training coin:  0.7 
[1] 1406   64

       coast       forest      highway   insidecity     mountain  opencountry       street tallbuilding 
         180          171          129          164          199          226          152          185 
[1] 594  64

       coast       forest      highway   insidecity     mountain  opencountry       street tallbuilding 
          76           73           54           69           84           96           64           78 
-------Fitting
Iter   TrainDeviance   ValidDeviance   StepSize   Improve
     1        2.0794             nan     0.1000    0.1392
     2        1.9960             nan     0.1000    0.1015
     3        1.9277             nan     0.1000    0.0800
     4        1.8707             nan     0.1000    0.0665
     5        1.8292             nan     0.1000    0.0534
     6        1.7883             nan     0.1000    0.0440
     7        1.7547             nan     0.1000    0.0445
     8        1.7241             nan     0.1000    0.0296
     9        1.6957             nan     0.1000    0.0338
    10        1.6686             nan     0.1000    0.0255
    20        1.4813             nan     0.1000    0.0147
    40        1.2461             nan     0.1000    0.0067
    60        1.0848             nan     0.1000    0.0026
    80        0.9730             nan     0.1000    0.0011
   100        0.8748             nan     0.1000   -0.0012
   120        0.7948             nan     0.1000   -0.0019
   140        0.7271             nan     0.1000   -0.0022
   150        0.6962             nan     0.1000   -0.0025

Iter   TrainDeviance   ValidDeviance   StepSize   Improve
     1        2.0794             nan     0.1000    0.2474
     2        1.9237             nan     0.1000    0.1408
     3        1.8285             nan     0.1000    0.1237
     4        1.7454             nan     0.1000    0.0911
     5        1.6753             nan     0.1000    0.0750
     6        1.6204             nan     0.1000    0.0689
     7        1.5667             nan     0.1000    0.0687
     8        1.5177             nan     0.1000    0.0511
     9        1.4771             nan     0.1000    0.0474
    10        1.4379             nan     0.1000    0.0481
    20        1.1615             nan     0.1000    0.0110
    40        0.8773             nan     0.1000    0.0062
    60        0.6915             nan     0.1000    0.0039
    80        0.5512             nan     0.1000   -0.0011
   100        0.4483             nan     0.1000   -0.0000
   120        0.3709             nan     0.1000   -0.0013
   140        0.3083             nan     0.1000   -0.0018
   150        0.2798             nan     0.1000   -0.0019

Iter   TrainDeviance   ValidDeviance   StepSize   Improve
     1        2.0794             nan     0.1000    0.2724
     2        1.8841             nan     0.1000    0.1797
     3        1.7568             nan     0.1000    0.1555
     4        1.6530             nan     0.1000    0.1143
     5        1.5660             nan     0.1000    0.0990
     6        1.4945             nan     0.1000    0.0728
     7        1.4301             nan     0.1000    0.0602
     8        1.3823             nan     0.1000    0.0433
     9        1.3392             nan     0.1000    0.0427
    10        1.2976             nan     0.1000    0.0476
    20        0.9861             nan     0.1000    0.0131
    40        0.6639             nan     0.1000    0.0064
    60        0.4727             nan     0.1000    0.0012
    80        0.3496             nan     0.1000    0.0004
   100        0.2576             nan     0.1000   -0.0013
   120        0.1979             nan     0.1000   -0.0006
   140        0.1520             nan     0.1000   -0.0006
   150        0.1340             nan     0.1000   -0.0013

Iter   TrainDeviance   ValidDeviance   StepSize   Improve
     1        2.0794             nan     0.1000    0.1334
     2        1.9973             nan     0.1000    0.0942
     3        1.9323             nan     0.1000    0.0697
     4        1.8853             nan     0.1000    0.0694
     5        1.8385             nan     0.1000    0.0571
     6        1.8001             nan     0.1000    0.0508
     7        1.7671             nan     0.1000    0.0389
     8        1.7353             nan     0.1000    0.0368
     9        1.7066             nan     0.1000    0.0314
    10        1.6824             nan     0.1000    0.0347
    20        1.4820             nan     0.1000    0.0083
    40        1.2454             nan     0.1000    0.0036
    60        1.0952             nan     0.1000    0.0010
    80        0.9801             nan     0.1000   -0.0058
   100        0.8791             nan     0.1000    0.0004
   120        0.7989             nan     0.1000   -0.0018
   140        0.7331             nan     0.1000   -0.0019
   150        0.7021             nan     0.1000   -0.0030

Iter   TrainDeviance   ValidDeviance   StepSize   Improve
     1        2.0794             nan     0.1000    0.2255
     2        1.9375             nan     0.1000    0.1277
     3        1.8429             nan     0.1000    0.1083
     4        1.7590             nan     0.1000    0.0846
     5        1.6938             nan     0.1000    0.0812
     6        1.6336             nan     0.1000    0.0593
     7        1.5832             nan     0.1000    0.0592
     8        1.5321             nan     0.1000    0.0572
     9        1.4859             nan     0.1000    0.0438
    10        1.4467             nan     0.1000    0.0411
    20        1.1737             nan     0.1000    0.0141
    40        0.8662             nan     0.1000    0.0079
    60        0.6718             nan     0.1000    0.0019
    80        0.5381             nan     0.1000   -0.0005
   100        0.4389             nan     0.1000   -0.0023
   120        0.3607             nan     0.1000   -0.0017
   140        0.2969             nan     0.1000   -0.0014
   150        0.2704             nan     0.1000   -0.0016

Iter   TrainDeviance   ValidDeviance   StepSize   Improve
     1        2.0794             nan     0.1000    0.2274
     2        1.9171             nan     0.1000    0.1772
     3        1.7856             nan     0.1000    0.1299
     4        1.6893             nan     0.1000    0.0957
     5        1.6148             nan     0.1000    0.0828
     6        1.5418             nan     0.1000    0.0740
     7        1.4788             nan     0.1000    0.0826
     8        1.4148             nan     0.1000    0.0744
     9        1.3597             nan     0.1000    0.0534
    10        1.3126             nan     0.1000    0.0556
    20        0.9848             nan     0.1000    0.0144
    40        0.6561             nan     0.1000    0.0027
    60        0.4650             nan     0.1000    0.0023
    80        0.3405             nan     0.1000   -0.0008
   100        0.2523             nan     0.1000    0.0008
   120        0.1899             nan     0.1000   -0.0007
   140        0.1453             nan     0.1000   -0.0007
   150        0.1280             nan     0.1000   -0.0010

Iter   TrainDeviance   ValidDeviance   StepSize   Improve
     1        2.0794             nan     0.1000    0.1426
     2        1.9883             nan     0.1000    0.0955
     3        1.9272             nan     0.1000    0.0923
     4        1.8715             nan     0.1000    0.0721
     5        1.8239             nan     0.1000    0.0535
     6        1.7849             nan     0.1000    0.0497
     7        1.7488             nan     0.1000    0.0375
     8        1.7192             nan     0.1000    0.0367
     9        1.6895             nan     0.1000    0.0365
    10        1.6614             nan     0.1000    0.0247
    20        1.4706             nan     0.1000    0.0118
    40        1.2402             nan     0.1000    0.0049
    60        1.0809             nan     0.1000    0.0016
    80        0.9660             nan     0.1000    0.0003
   100        0.8732             nan     0.1000   -0.0013
   120        0.7933             nan     0.1000    0.0003
   140        0.7298             nan     0.1000   -0.0020
   150        0.7019             nan     0.1000   -0.0017

Iter   TrainDeviance   ValidDeviance   StepSize   Improve
     1        2.0794             nan     0.1000    0.2260
     2        1.9291             nan     0.1000    0.1863
     3        1.8132             nan     0.1000    0.1183
     4        1.7355             nan     0.1000    0.0863
     5        1.6721             nan     0.1000    0.0679
     6        1.6169             nan     0.1000    0.0610
     7        1.5684             nan     0.1000    0.0736
     8        1.5148             nan     0.1000    0.0428
     9        1.4725             nan     0.1000    0.0404
    10        1.4350             nan     0.1000    0.0382
    20        1.1591             nan     0.1000    0.0245
    40        0.8542             nan     0.1000    0.0052
    60        0.6696             nan     0.1000   -0.0031
    80        0.5359             nan     0.1000   -0.0017
   100        0.4389             nan     0.1000   -0.0013
   120        0.3624             nan     0.1000   -0.0019
   140        0.3028             nan     0.1000   -0.0027
   150        0.2755             nan     0.1000   -0.0009

Iter   TrainDeviance   ValidDeviance   StepSize   Improve
     1        2.0794             nan     0.1000    0.2832
     2        1.8808             nan     0.1000    0.1812
     3        1.7574             nan     0.1000    0.1498
     4        1.6570             nan     0.1000    0.0967
     5        1.5842             nan     0.1000    0.0816
     6        1.5173             nan     0.1000    0.0885
     7        1.4517             nan     0.1000    0.0706
     8        1.3914             nan     0.1000    0.0557
     9        1.3358             nan     0.1000    0.0489
    10        1.2923             nan     0.1000    0.0400
    20        0.9854             nan     0.1000    0.0187
    40        0.6507             nan     0.1000    0.0071
    60        0.4621             nan     0.1000    0.0001
    80        0.3409             nan     0.1000   -0.0013
   100        0.2539             nan     0.1000    0.0005
   120        0.1929             nan     0.1000   -0.0011
   140        0.1480             nan     0.1000   -0.0017
   150        0.1305             nan     0.1000   -0.0017

Iter   TrainDeviance   ValidDeviance   StepSize   Improve
     1        2.0794             nan     0.1000    0.1411
     2        1.9974             nan     0.1000    0.0986
     3        1.9299             nan     0.1000    0.0879
     4        1.8737             nan     0.1000    0.0700
     5        1.8214             nan     0.1000    0.0600
     6        1.7774             nan     0.1000    0.0445
     7        1.7423             nan     0.1000    0.0347
     8        1.7130             nan     0.1000    0.0292
     9        1.6866             nan     0.1000    0.0339
    10        1.6600             nan     0.1000    0.0295
    20        1.4616             nan     0.1000    0.0167
    40        1.2275             nan     0.1000    0.0038
    60        1.0745             nan     0.1000    0.0013
    80        0.9559             nan     0.1000    0.0001
   100        0.8669             nan     0.1000   -0.0029
   120        0.7878             nan     0.1000   -0.0020
   140        0.7195             nan     0.1000   -0.0007
   150        0.6882             nan     0.1000   -0.0001

Iter   TrainDeviance   ValidDeviance   StepSize   Improve
     1        2.0794             nan     0.1000    0.2310
     2        1.9303             nan     0.1000    0.1565
     3        1.8278             nan     0.1000    0.1256
     4        1.7426             nan     0.1000    0.0975
     5        1.6712             nan     0.1000    0.0822
     6        1.6136             nan     0.1000    0.0608
     7        1.5674             nan     0.1000    0.0703
     8        1.5147             nan     0.1000    0.0447
     9        1.4750             nan     0.1000    0.0462
    10        1.4330             nan     0.1000    0.0407
    20        1.1641             nan     0.1000    0.0178
    40        0.8715             nan     0.1000    0.0038
    60        0.6744             nan     0.1000    0.0003
    80        0.5353             nan     0.1000   -0.0015
   100        0.4358             nan     0.1000   -0.0002
   120        0.3559             nan     0.1000   -0.0024
   140        0.2935             nan     0.1000    0.0009
   150        0.2649             nan     0.1000   -0.0016

Iter   TrainDeviance   ValidDeviance   StepSize   Improve
     1        2.0794             nan     0.1000    0.2576
     2        1.8984             nan     0.1000    0.1731
     3        1.7703             nan     0.1000    0.1384
     4        1.6693             nan     0.1000    0.0952
     5        1.5925             nan     0.1000    0.0857
     6        1.5233             nan     0.1000    0.0682
     7        1.4664             nan     0.1000    0.0716
     8        1.4073             nan     0.1000    0.0588
     9        1.3563             nan     0.1000    0.0436
    10        1.3101             nan     0.1000    0.0425
    20        0.9903             nan     0.1000    0.0255
    40        0.6561             nan     0.1000    0.0011
    60        0.4619             nan     0.1000    0.0035
    80        0.3361             nan     0.1000    0.0016
   100        0.2512             nan     0.1000    0.0006
   120        0.1890             nan     0.1000   -0.0012
   140        0.1439             nan     0.1000   -0.0005
   150        0.1266             nan     0.1000   -0.0008

Iter   TrainDeviance   ValidDeviance   StepSize   Improve
     1        2.0794             nan     0.1000    0.1150
     2        2.0036             nan     0.1000    0.1025
     3        1.9374             nan     0.1000    0.0750
     4        1.8826             nan     0.1000    0.0661
     5        1.8378             nan     0.1000    0.0519
     6        1.8002             nan     0.1000    0.0447
     7        1.7657             nan     0.1000    0.0456
     8        1.7333             nan     0.1000    0.0310
     9        1.7056             nan     0.1000    0.0328
    10        1.6800             nan     0.1000    0.0315
    20        1.4844             nan     0.1000    0.0107
    40        1.2476             nan     0.1000    0.0046
    60        1.0983             nan     0.1000    0.0007
    80        0.9837             nan     0.1000    0.0003
   100        0.8882             nan     0.1000   -0.0014
   120        0.8056             nan     0.1000   -0.0027
   140        0.7386             nan     0.1000   -0.0018
   150        0.7075             nan     0.1000   -0.0032

Iter   TrainDeviance   ValidDeviance   StepSize   Improve
     1        2.0794             nan     0.1000    0.2034
     2        1.9430             nan     0.1000    0.1580
     3        1.8358             nan     0.1000    0.1457
     4        1.7411             nan     0.1000    0.1029
     5        1.6675             nan     0.1000    0.0908
     6        1.6082             nan     0.1000    0.0741
     7        1.5523             nan     0.1000    0.0536
     8        1.5073             nan     0.1000    0.0533
     9        1.4672             nan     0.1000    0.0386
    10        1.4269             nan     0.1000    0.0404
    20        1.1543             nan     0.1000    0.0271
    40        0.8547             nan     0.1000    0.0080
    60        0.6628             nan     0.1000    0.0030
    80        0.5320             nan     0.1000   -0.0016
   100        0.4312             nan     0.1000   -0.0025
   120        0.3534             nan     0.1000    0.0010
   140        0.2894             nan     0.1000   -0.0020
   150        0.2640             nan     0.1000   -0.0010

Iter   TrainDeviance   ValidDeviance   StepSize   Improve
     1        2.0794             nan     0.1000    0.2905
     2        1.8937             nan     0.1000    0.2001
     3        1.7546             nan     0.1000    0.1509
     4        1.6420             nan     0.1000    0.1003
     5        1.5677             nan     0.1000    0.0914
     6        1.4987             nan     0.1000    0.0862
     7        1.4352             nan     0.1000    0.0723
     8        1.3768             nan     0.1000    0.0612
     9        1.3240             nan     0.1000    0.0507
    10        1.2773             nan     0.1000    0.0397
    20        0.9600             nan     0.1000    0.0181
    40        0.6336             nan     0.1000    0.0040
    60        0.4481             nan     0.1000    0.0003
    80        0.3263             nan     0.1000    0.0016
   100        0.2410             nan     0.1000    0.0000
   120        0.1801             nan     0.1000   -0.0000
   140        0.1368             nan     0.1000    0.0006
   150        0.1192             nan     0.1000   -0.0005

Iter   TrainDeviance   ValidDeviance   StepSize   Improve
     1        2.0794             nan     0.1000    0.1517
     2        1.9857             nan     0.1000    0.1077
     3        1.9158             nan     0.1000    0.0972
     4        1.8541             nan     0.1000    0.0660
     5        1.8104             nan     0.1000    0.0548
     6        1.7715             nan     0.1000    0.0638
     7        1.7289             nan     0.1000    0.0427
     8        1.6966             nan     0.1000    0.0375
     9        1.6657             nan     0.1000    0.0211
    10        1.6421             nan     0.1000    0.0254
    20        1.4468             nan     0.1000    0.0143
    40        1.2284             nan     0.1000    0.0006
    60        1.0824             nan     0.1000    0.0004
    80        0.9690             nan     0.1000   -0.0015
   100        0.8805             nan     0.1000   -0.0010
   120        0.8037             nan     0.1000   -0.0023
   140        0.7377             nan     0.1000   -0.0030
   150        0.7091             nan     0.1000   -0.0030

Iter   TrainDeviance   ValidDeviance   StepSize   Improve
     1        2.0794             nan     0.1000    0.2241
     2        1.9333             nan     0.1000    0.1829
     3        1.8182             nan     0.1000    0.1207
     4        1.7340             nan     0.1000    0.0850
     5        1.6597             nan     0.1000    0.0661
     6        1.6019             nan     0.1000    0.0823
     7        1.5423             nan     0.1000    0.0553
     8        1.4986             nan     0.1000    0.0510
     9        1.4602             nan     0.1000    0.0423
    10        1.4240             nan     0.1000    0.0452
    20        1.1464             nan     0.1000    0.0213
    40        0.8588             nan     0.1000    0.0069
    60        0.6688             nan     0.1000    0.0011
    80        0.5404             nan     0.1000   -0.0012
   100        0.4491             nan     0.1000   -0.0006
   120        0.3684             nan     0.1000   -0.0013
   140        0.3035             nan     0.1000   -0.0017
   150        0.2767             nan     0.1000   -0.0016

Iter   TrainDeviance   ValidDeviance   StepSize   Improve
     1        2.0794             nan     0.1000    0.2714
     2        1.8855             nan     0.1000    0.1783
     3        1.7591             nan     0.1000    0.1391
     4        1.6580             nan     0.1000    0.1103
     5        1.5705             nan     0.1000    0.0930
     6        1.4999             nan     0.1000    0.0674
     7        1.4452             nan     0.1000    0.0805
     8        1.3873             nan     0.1000    0.0468
     9        1.3458             nan     0.1000    0.0478
    10        1.3033             nan     0.1000    0.0393
    20        0.9860             nan     0.1000    0.0155
    40        0.6551             nan     0.1000    0.0055
    60        0.4736             nan     0.1000    0.0024
    80        0.3440             nan     0.1000   -0.0019
   100        0.2571             nan     0.1000   -0.0009
   120        0.1931             nan     0.1000   -0.0006
   140        0.1461             nan     0.1000   -0.0001
   150        0.1284             nan     0.1000   -0.0009

Iter   TrainDeviance   ValidDeviance   StepSize   Improve
     1        2.0794             nan     0.1000    0.1310
     2        1.9982             nan     0.1000    0.1009
     3        1.9342             nan     0.1000    0.0837
     4        1.8815             nan     0.1000    0.0607
     5        1.8381             nan     0.1000    0.0494
     6        1.7998             nan     0.1000    0.0372
     7        1.7670             nan     0.1000    0.0396
     8        1.7345             nan     0.1000    0.0273
     9        1.7086             nan     0.1000    0.0406
    10        1.6779             nan     0.1000    0.0295
    20        1.4872             nan     0.1000    0.0121
    40        1.2640             nan     0.1000    0.0060
    60        1.1152             nan     0.1000   -0.0007
    80        1.0043             nan     0.1000   -0.0010
   100        0.9134             nan     0.1000   -0.0039
   120        0.8341             nan     0.1000   -0.0012
   140        0.7694             nan     0.1000   -0.0048
   150        0.7424             nan     0.1000    0.0004

Iter   TrainDeviance   ValidDeviance   StepSize   Improve
     1        2.0794             nan     0.1000    0.2089
     2        1.9453             nan     0.1000    0.1844
     3        1.8262             nan     0.1000    0.1193
     4        1.7440             nan     0.1000    0.0871
     5        1.6793             nan     0.1000    0.0849
     6        1.6221             nan     0.1000    0.0591
     7        1.5777             nan     0.1000    0.0476
     8        1.5331             nan     0.1000    0.0503
     9        1.4935             nan     0.1000    0.0442
    10        1.4551             nan     0.1000    0.0373
    20        1.1897             nan     0.1000    0.0158
    40        0.8748             nan     0.1000    0.0080
    60        0.6954             nan     0.1000    0.0019
    80        0.5695             nan     0.1000   -0.0009
   100        0.4651             nan     0.1000    0.0007
   120        0.3818             nan     0.1000   -0.0025
   140        0.3164             nan     0.1000   -0.0018
   150        0.2897             nan     0.1000   -0.0022

Iter   TrainDeviance   ValidDeviance   StepSize   Improve
     1        2.0794             nan     0.1000    0.3076
     2        1.8860             nan     0.1000    0.2008
     3        1.7503             nan     0.1000    0.1235
     4        1.6621             nan     0.1000    0.1076
     5        1.5785             nan     0.1000    0.0804
     6        1.5140             nan     0.1000    0.0784
     7        1.4544             nan     0.1000    0.0697
     8        1.3972             nan     0.1000    0.0584
     9        1.3484             nan     0.1000    0.0498
    10        1.3041             nan     0.1000    0.0383
    20        1.0029             nan     0.1000    0.0108
    40        0.6751             nan     0.1000    0.0078
    60        0.4838             nan     0.1000   -0.0006
    80        0.3617             nan     0.1000    0.0003
   100        0.2729             nan     0.1000    0.0003
   120        0.2099             nan     0.1000   -0.0000
   140        0.1601             nan     0.1000   -0.0008
   150        0.1406             nan     0.1000   -0.0013

Iter   TrainDeviance   ValidDeviance   StepSize   Improve
     1        2.0794             nan     0.1000    0.1219
     2        2.0020             nan     0.1000    0.0996
     3        1.9403             nan     0.1000    0.0760
     4        1.8890             nan     0.1000    0.0602
     5        1.8449             nan     0.1000    0.0469
     6        1.8101             nan     0.1000    0.0442
     7        1.7732             nan     0.1000    0.0472
     8        1.7365             nan     0.1000    0.0359
     9        1.7073             nan     0.1000    0.0304
    10        1.6824             nan     0.1000    0.0200
    20        1.4840             nan     0.1000    0.0133
    40        1.2475             nan     0.1000    0.0044
    60        1.0855             nan     0.1000    0.0009
    80        0.9701             nan     0.1000    0.0018
   100        0.8750             nan     0.1000    0.0009
   120        0.7975             nan     0.1000   -0.0019
   140        0.7305             nan     0.1000   -0.0042
   150        0.6989             nan     0.1000   -0.0015

Iter   TrainDeviance   ValidDeviance   StepSize   Improve
     1        2.0794             nan     0.1000    0.1925
     2        1.9505             nan     0.1000    0.1856
     3        1.8333             nan     0.1000    0.1230
     4        1.7474             nan     0.1000    0.0950
     5        1.6806             nan     0.1000    0.0634
     6        1.6240             nan     0.1000    0.0560
     7        1.5774             nan     0.1000    0.0668
     8        1.5291             nan     0.1000    0.0607
     9        1.4814             nan     0.1000    0.0424
    10        1.4440             nan     0.1000    0.0393
    20        1.1687             nan     0.1000    0.0162
    40        0.8513             nan     0.1000    0.0090
    60        0.6639             nan     0.1000   -0.0011
    80        0.5269             nan     0.1000   -0.0002
   100        0.4246             nan     0.1000    0.0016
   120        0.3444             nan     0.1000   -0.0015
   140        0.2847             nan     0.1000   -0.0008
   150        0.2580             nan     0.1000   -0.0009

Iter   TrainDeviance   ValidDeviance   StepSize   Improve
     1        2.0794             nan     0.1000    0.2682
     2        1.8964             nan     0.1000    0.1956
     3        1.7645             nan     0.1000    0.1479
     4        1.6604             nan     0.1000    0.1154
     5        1.5705             nan     0.1000    0.0816
     6        1.5048             nan     0.1000    0.0817
     7        1.4436             nan     0.1000    0.0630
     8        1.3894             nan     0.1000    0.0575
     9        1.3430             nan     0.1000    0.0671
    10        1.2937             nan     0.1000    0.0477
    20        0.9703             nan     0.1000    0.0119
    40        0.6445             nan     0.1000    0.0068
    60        0.4495             nan     0.1000    0.0013
    80        0.3321             nan     0.1000   -0.0017
   100        0.2461             nan     0.1000    0.0000
   120        0.1821             nan     0.1000   -0.0007
   140        0.1385             nan     0.1000   -0.0009
   150        0.1210             nan     0.1000   -0.0004

Iter   TrainDeviance   ValidDeviance   StepSize   Improve
     1        2.0794             nan     0.1000    0.1253
     2        1.9992             nan     0.1000    0.1061
     3        1.9338             nan     0.1000    0.0524
     4        1.8874             nan     0.1000    0.0698
     5        1.8389             nan     0.1000    0.0465
     6        1.8032             nan     0.1000    0.0444
     7        1.7668             nan     0.1000    0.0426
     8        1.7353             nan     0.1000    0.0438
     9        1.7035             nan     0.1000    0.0313
    10        1.6738             nan     0.1000    0.0219
    20        1.4775             nan     0.1000    0.0118
    40        1.2580             nan     0.1000    0.0028
    60        1.1009             nan     0.1000   -0.0044
    80        0.9929             nan     0.1000   -0.6098
   100           nan             nan     0.1000       nan
   120           nan             nan     0.1000       nan
   140           nan             nan     0.1000       nan
   150           nan             nan     0.1000       nan

Iter   TrainDeviance   ValidDeviance   StepSize   Improve
     1        2.0794             nan     0.1000    0.2139
     2        1.9519             nan     0.1000    0.1631
     3        1.8415             nan     0.1000    0.1263
     4        1.7556             nan     0.1000    0.0912
     5        1.6857             nan     0.1000    0.0817
     6        1.6278             nan     0.1000    0.0634
     7        1.5774             nan     0.1000    0.0612
     8        1.5303             nan     0.1000    0.0576
     9        1.4857             nan     0.1000    0.0381
    10        1.4485             nan     0.1000    0.0482
    20        1.1838             nan     0.1000    0.0143
    40        0.8823             nan     0.1000    0.0023
    60        0.6986             nan     0.1000   -0.0004
    80        0.5699             nan     0.1000   -0.0013
   100        0.4623             nan     0.1000   -0.0017
   120        0.3850             nan     0.1000   -0.0030
   140        0.3222             nan     0.1000    0.0002
   150        0.2960             nan     0.1000   -0.0030

Iter   TrainDeviance   ValidDeviance   StepSize   Improve
     1        2.0794             nan     0.1000    0.2547
     2        1.8908             nan     0.1000    0.1752
     3        1.7637             nan     0.1000    0.1201
     4        1.6692             nan     0.1000    0.1188
     5        1.5864             nan     0.1000    0.0954
     6        1.5097             nan     0.1000    0.0804
     7        1.4472             nan     0.1000    0.0698
     8        1.3894             nan     0.1000    0.0652
     9        1.3368             nan     0.1000    0.0598
    10        1.2901             nan     0.1000    0.0400
    20        0.9873             nan     0.1000    0.0129
    40        0.6716             nan     0.1000    0.0019
    60        0.4842             nan     0.1000    0.0015
    80        0.3532             nan     0.1000   -0.0018
   100        0.2675             nan     0.1000   -0.0012
   120        0.2034             nan     0.1000    0.0002
   140        0.1569             nan     0.1000   -0.0001
   150        0.1384             nan     0.1000   -0.0004

Iter   TrainDeviance   ValidDeviance   StepSize   Improve
     1        2.0794             nan     0.1000    0.1158
     2        2.0038             nan     0.1000    0.0960
     3        1.9438             nan     0.1000    0.0795
     4        1.8936             nan     0.1000    0.0612
     5        1.8513             nan     0.1000    0.0479
     6        1.8137             nan     0.1000    0.0539
     7        1.7768             nan     0.1000    0.0504
     8        1.7430             nan     0.1000    0.0378
     9        1.7148             nan     0.1000    0.0264
    10        1.6903             nan     0.1000    0.0382
    20        1.4860             nan     0.1000    0.0143
    40        1.2488             nan     0.1000    0.0067
    60        1.0923             nan     0.1000    0.0011
    80        0.9782             nan     0.1000   -0.0017
   100        0.8946             nan     0.1000   -0.0017
   120        0.8182             nan     0.1000   -0.0037
   140        0.7516             nan     0.1000   -0.0011
   150        0.7204             nan     0.1000   -0.0037

Iter   TrainDeviance   ValidDeviance   StepSize   Improve
     1        2.0794             nan     0.1000    0.2016
     2        1.9501             nan     0.1000    0.1378
     3        1.8479             nan     0.1000    0.1229
     4        1.7672             nan     0.1000    0.0878
     5        1.7010             nan     0.1000    0.0833
     6        1.6400             nan     0.1000    0.0607
     7        1.5891             nan     0.1000    0.0649
     8        1.5416             nan     0.1000    0.0564
     9        1.4992             nan     0.1000    0.0393
    10        1.4639             nan     0.1000    0.0358
    20        1.1742             nan     0.1000    0.0109
    40        0.8670             nan     0.1000    0.0038
    60        0.6878             nan     0.1000    0.0024
    80        0.5595             nan     0.1000    0.0005
   100        0.4611             nan     0.1000   -0.0030
   120        0.3803             nan     0.1000   -0.0005
   140        0.3113             nan     0.1000   -0.0007
   150        0.2842             nan     0.1000   -0.0017

Iter   TrainDeviance   ValidDeviance   StepSize   Improve
     1        2.0794             nan     0.1000    0.2226
     2        1.9187             nan     0.1000    0.1989
     3        1.7794             nan     0.1000    0.1338
     4        1.6816             nan     0.1000    0.1159
     5        1.5996             nan     0.1000    0.0939
     6        1.5312             nan     0.1000    0.0806
     7        1.4731             nan     0.1000    0.0694
     8        1.4172             nan     0.1000    0.0607
     9        1.3673             nan     0.1000    0.0452
    10        1.3252             nan     0.1000    0.0451
    20        1.0047             nan     0.1000    0.0154
    40        0.6812             nan     0.1000    0.0055
    60        0.4823             nan     0.1000    0.0008
    80        0.3543             nan     0.1000   -0.0011
   100        0.2628             nan     0.1000   -0.0016
   120        0.1991             nan     0.1000   -0.0015
   140        0.1531             nan     0.1000   -0.0010
   150        0.1342             nan     0.1000   -0.0003

Iter   TrainDeviance   ValidDeviance   StepSize   Improve
     1        2.0794             nan     0.1000    0.1083
     2        2.0064             nan     0.1000    0.0938
     3        1.9473             nan     0.1000    0.0779
     4        1.8990             nan     0.1000    0.0604
     5        1.8528             nan     0.1000    0.0614
     6        1.8127             nan     0.1000    0.0367
     7        1.7816             nan     0.1000    0.0393
     8        1.7512             nan     0.1000    0.0412
     9        1.7182             nan     0.1000    0.0348
    10        1.6878             nan     0.1000    0.0279
    20        1.5003             nan     0.1000    0.0111
    40        1.2698             nan     0.1000    0.0029
    60        1.1169             nan     0.1000   -0.0006
    80        0.9985             nan     0.1000   -0.0001
   100        0.8994             nan     0.1000   -0.0001
   120        0.8193             nan     0.1000   -0.0016
   140        0.7520             nan     0.1000   -0.0037
   150        0.7189             nan     0.1000   -0.0056

Iter   TrainDeviance   ValidDeviance   StepSize   Improve
     1        2.0794             nan     0.1000    0.1918
     2        1.9598             nan     0.1000    0.1466
     3        1.8572             nan     0.1000    0.1210
     4        1.7670             nan     0.1000    0.0856
     5        1.6979             nan     0.1000    0.0733
     6        1.6414             nan     0.1000    0.0704
     7        1.5878             nan     0.1000    0.0567
     8        1.5387             nan     0.1000    0.0554
     9        1.4964             nan     0.1000    0.0398
    10        1.4625             nan     0.1000    0.0343
    20        1.1835             nan     0.1000    0.0155
    40        0.8789             nan     0.1000    0.0067
    60        0.6869             nan     0.1000   -0.0009
    80        0.5479             nan     0.1000   -0.0022
   100        0.4485             nan     0.1000   -0.0002
   120        0.3690             nan     0.1000    0.0010
   140        0.3051             nan     0.1000    0.0000
   150        0.2776             nan     0.1000   -0.0004

Iter   TrainDeviance   ValidDeviance   StepSize   Improve
     1        2.0794             nan     0.1000    0.2285
     2        1.9163             nan     0.1000    0.1334
     3        1.8004             nan     0.1000    0.1327
     4        1.7035             nan     0.1000    0.1035
     5        1.6224             nan     0.1000    0.0983
     6        1.5456             nan     0.1000    0.0769
     7        1.4824             nan     0.1000    0.0745
     8        1.4194             nan     0.1000    0.0514
     9        1.3700             nan     0.1000    0.0425
    10        1.3257             nan     0.1000    0.0421
    20        1.0007             nan     0.1000    0.0138
    40        0.6710             nan     0.1000    0.0079
    60        0.4723             nan     0.1000    0.0036
    80        0.3500             nan     0.1000   -0.0014
   100        0.2602             nan     0.1000   -0.0010
   120        0.1967             nan     0.1000   -0.0004
   140        0.1514             nan     0.1000   -0.0001
   150        0.1334             nan     0.1000   -0.0002

Iter   TrainDeviance   ValidDeviance   StepSize   Improve
     1        2.0794             nan     0.1000    0.1115
     2        2.0057             nan     0.1000    0.0977
     3        1.9448             nan     0.1000    0.0710
     4        1.8968             nan     0.1000    0.0504
     5        1.8585             nan     0.1000    0.0552
     6        1.8165             nan     0.1000    0.0456
     7        1.7815             nan     0.1000    0.0343
     8        1.7527             nan     0.1000    0.0376
     9        1.7262             nan     0.1000    0.0348
    10        1.6988             nan     0.1000    0.0347
    20        1.5068             nan     0.1000    0.0094
    40        1.2714             nan     0.1000    0.0005
    60        1.1109             nan     0.1000    0.0039
    80        0.9930             nan     0.1000   -0.0007
   100        0.9027             nan     0.1000   -0.0001
   120        0.8222             nan     0.1000   -0.0018
   140        0.7543             nan     0.1000   -0.0003
   150        0.7225             nan     0.1000   -0.0020

Iter   TrainDeviance   ValidDeviance   StepSize   Improve
     1        2.0794             nan     0.1000    0.2017
     2        1.9544             nan     0.1000    0.1542
     3        1.8504             nan     0.1000    0.1155
     4        1.7622             nan     0.1000    0.1004
     5        1.6908             nan     0.1000    0.0685
     6        1.6357             nan     0.1000    0.0619
     7        1.5841             nan     0.1000    0.0531
     8        1.5421             nan     0.1000    0.0526
     9        1.4962             nan     0.1000    0.0392
    10        1.4615             nan     0.1000    0.0393
    20        1.1767             nan     0.1000    0.0143
    40        0.8730             nan     0.1000    0.0044
    60        0.6831             nan     0.1000    0.0033
    80        0.5478             nan     0.1000    0.0020
   100        0.4434             nan     0.1000   -0.0030
   120        0.3642             nan     0.1000   -0.0024
   140        0.3050             nan     0.1000   -0.0028
   150        0.2772             nan     0.1000   -0.0018

Iter   TrainDeviance   ValidDeviance   StepSize   Improve
     1        2.0794             nan     0.1000    0.2166
     2        1.9221             nan     0.1000    0.1822
     3        1.7983             nan     0.1000    0.1430
     4        1.7010             nan     0.1000    0.0979
     5        1.6236             nan     0.1000    0.0989
     6        1.5467             nan     0.1000    0.1024
     7        1.4721             nan     0.1000    0.0609
     8        1.4165             nan     0.1000    0.0677
     9        1.3657             nan     0.1000    0.0554
    10        1.3166             nan     0.1000    0.0367
    20        0.9884             nan     0.1000    0.0266
    40        0.6572             nan     0.1000    0.0039
    60        0.4667             nan     0.1000    0.0007
    80        0.3428             nan     0.1000    0.0015
   100        0.2538             nan     0.1000   -0.0010
   120        0.1913             nan     0.1000   -0.0009
   140        0.1462             nan     0.1000   -0.0008
   150        0.1284             nan     0.1000   -0.0008

Iter   TrainDeviance   ValidDeviance   StepSize   Improve
     1        2.0794             nan     0.1000    0.1164
     2        2.0001             nan     0.1000    0.0996
     3        1.9341             nan     0.1000    0.0843
     4        1.8786             nan     0.1000    0.0578
     5        1.8343             nan     0.1000    0.0485
     6        1.7999             nan     0.1000    0.0495
     7        1.7644             nan     0.1000    0.0468
     8        1.7298             nan     0.1000    0.0450
     9        1.6982             nan     0.1000    0.0408
    10        1.6700             nan     0.1000    0.0200
    20        1.4703             nan     0.1000    0.0149
    40        1.2416             nan     0.1000    0.0046
    60        1.0853             nan     0.1000   -0.0001
    80        0.9648             nan     0.1000    0.0006
   100        0.8736             nan     0.1000    0.0007
   120        0.7940             nan     0.1000    0.0006
   140        0.7270             nan     0.1000   -0.0020
   150        0.6959             nan     0.1000   -0.0008

Iter   TrainDeviance   ValidDeviance   StepSize   Improve
     1        2.0794             nan     0.1000    0.2283
     2        1.9320             nan     0.1000    0.1319
     3        1.8384             nan     0.1000    0.1132
     4        1.7525             nan     0.1000    0.1041
     5        1.6857             nan     0.1000    0.0794
     6        1.6220             nan     0.1000    0.0643
     7        1.5702             nan     0.1000    0.0642
     8        1.5166             nan     0.1000    0.0527
     9        1.4759             nan     0.1000    0.0401
    10        1.4406             nan     0.1000    0.0457
    20        1.1426             nan     0.1000    0.0169
    40        0.8462             nan     0.1000    0.0046
    60        0.6645             nan     0.1000    0.0017
    80        0.5265             nan     0.1000    0.0004
   100        0.4327             nan     0.1000   -0.0006
   120        0.3551             nan     0.1000   -0.0025
   140        0.2939             nan     0.1000   -0.0006
   150        0.2686             nan     0.1000   -0.0006

Iter   TrainDeviance   ValidDeviance   StepSize   Improve
     1        2.0794             nan     0.1000    0.2569
     2        1.8949             nan     0.1000    0.1801
     3        1.7597             nan     0.1000    0.1369
     4        1.6568             nan     0.1000    0.1101
     5        1.5739             nan     0.1000    0.0960
     6        1.5038             nan     0.1000    0.0849
     7        1.4359             nan     0.1000    0.0732
     8        1.3757             nan     0.1000    0.0702
     9        1.3243             nan     0.1000    0.0522
    10        1.2776             nan     0.1000    0.0376
    20        0.9586             nan     0.1000    0.0217
    40        0.6406             nan     0.1000    0.0087
    60        0.4559             nan     0.1000    0.0006
    80        0.3397             nan     0.1000    0.0010
   100        0.2515             nan     0.1000   -0.0013
   120        0.1925             nan     0.1000   -0.0004
   140        0.1478             nan     0.1000   -0.0004
   150        0.1289             nan     0.1000   -0.0012

Iter   TrainDeviance   ValidDeviance   StepSize   Improve
     1        2.0794             nan     0.1000    0.1178
     2        1.9992             nan     0.1000    0.1042
     3        1.9361             nan     0.1000    0.0877
     4        1.8824             nan     0.1000    0.0631
     5        1.8378             nan     0.1000    0.0607
     6        1.7999             nan     0.1000    0.0560
     7        1.7616             nan     0.1000    0.0466
     8        1.7280             nan     0.1000    0.0301
     9        1.7002             nan     0.1000    0.0307
    10        1.6727             nan     0.1000    0.0381
    20        1.4812             nan     0.1000    0.0134
    40        1.2463             nan     0.1000    0.0024
    60        1.0985             nan     0.1000    0.0005
    80        0.9869             nan     0.1000   -0.0004
   100        0.8943             nan     0.1000    0.0000
   120        0.8169             nan     0.1000   -0.0000
   140        0.7504             nan     0.1000   -0.0044
   150        0.7221             nan     0.1000   -0.0025

Iter   TrainDeviance   ValidDeviance   StepSize   Improve
     1        2.0794             nan     0.1000    0.2074
     2        1.9405             nan     0.1000    0.1840
     3        1.8248             nan     0.1000    0.1127
     4        1.7457             nan     0.1000    0.1021
     5        1.6795             nan     0.1000    0.0819
     6        1.6210             nan     0.1000    0.0680
     7        1.5726             nan     0.1000    0.0575
     8        1.5295             nan     0.1000    0.0579
     9        1.4851             nan     0.1000    0.0433
    10        1.4498             nan     0.1000    0.0363
    20        1.1797             nan     0.1000    0.0192
    40        0.8735             nan     0.1000    0.0107
    60        0.6826             nan     0.1000    0.0002
    80        0.5519             nan     0.1000   -0.0011
   100        0.4478             nan     0.1000   -0.0016
   120        0.3623             nan     0.1000   -0.0004
   140        0.3013             nan     0.1000   -0.0018
   150        0.2752             nan     0.1000   -0.0005

Iter   TrainDeviance   ValidDeviance   StepSize   Improve
     1        2.0794             nan     0.1000    0.2862
     2        1.8929             nan     0.1000    0.1637
     3        1.7699             nan     0.1000    0.1248
     4        1.6798             nan     0.1000    0.1214
     5        1.5918             nan     0.1000    0.1170
     6        1.5096             nan     0.1000    0.0815
     7        1.4497             nan     0.1000    0.0729
     8        1.3909             nan     0.1000    0.0513
     9        1.3432             nan     0.1000    0.0525
    10        1.2998             nan     0.1000    0.0472
    20        0.9769             nan     0.1000    0.0140
    40        0.6524             nan     0.1000    0.0055
    60        0.4698             nan     0.1000    0.0017
    80        0.3430             nan     0.1000   -0.0004
   100        0.2585             nan     0.1000    0.0002
   120        0.1954             nan     0.1000   -0.0008
   140        0.1497             nan     0.1000   -0.0014
   150        0.1320             nan     0.1000   -0.0005

Iter   TrainDeviance   ValidDeviance   StepSize   Improve
     1        2.0794             nan     0.1000    0.1329
     2        2.0003             nan     0.1000    0.0991
     3        1.9361             nan     0.1000    0.0816
     4        1.8839             nan     0.1000    0.0625
     5        1.8410             nan     0.1000    0.0610
     6        1.8009             nan     0.1000    0.0477
     7        1.7652             nan     0.1000    0.0334
     8        1.7338             nan     0.1000    0.0438
     9        1.7032             nan     0.1000    0.0372
    10        1.6738             nan     0.1000    0.0317
    20        1.4841             nan     0.1000    0.0094
    40        1.2555             nan     0.1000    0.0077
    60        1.1095             nan     0.1000   -0.0013
    80        0.9964             nan     0.1000   -0.0014
   100        0.9046             nan     0.1000   -0.0029
   120        0.8263             nan     0.1000   -0.0022
   140        0.7604             nan     0.1000   -0.0006
   150        0.7305             nan     0.1000   -0.0013

Iter   TrainDeviance   ValidDeviance   StepSize   Improve
     1        2.0794             nan     0.1000    0.2210
     2        1.9456             nan     0.1000    0.1562
     3        1.8449             nan     0.1000    0.1180
     4        1.7581             nan     0.1000    0.0768
     5        1.6971             nan     0.1000    0.0696
     6        1.6425             nan     0.1000    0.0866
     7        1.5821             nan     0.1000    0.0661
     8        1.5313             nan     0.1000    0.0415
     9        1.4902             nan     0.1000    0.0554
    10        1.4454             nan     0.1000    0.0421
    20        1.1728             nan     0.1000    0.0167
    40        0.8775             nan     0.1000    0.0012
    60        0.6978             nan     0.1000   -0.0001
    80        0.5596             nan     0.1000   -0.0025
   100        0.4553             nan     0.1000   -0.0022
   120        0.3752             nan     0.1000   -0.0014
   140        0.3099             nan     0.1000   -0.0019
   150        0.2830             nan     0.1000   -0.0006

Iter   TrainDeviance   ValidDeviance   StepSize   Improve
     1        2.0794             nan     0.1000    0.2814
     2        1.8936             nan     0.1000    0.2178
     3        1.7610             nan     0.1000    0.1381
     4        1.6616             nan     0.1000    0.1090
     5        1.5835             nan     0.1000    0.0751
     6        1.5213             nan     0.1000    0.0778
     7        1.4571             nan     0.1000    0.0675
     8        1.4037             nan     0.1000    0.0581
     9        1.3545             nan     0.1000    0.0571
    10        1.3077             nan     0.1000    0.0319
    20        1.0002             nan     0.1000    0.0206
    40        0.6652             nan     0.1000    0.0061
    60        0.4813             nan     0.1000    0.0014
    80        0.3538             nan     0.1000   -0.0001
   100        0.2666             nan     0.1000    0.0000
   120        0.2035             nan     0.1000   -0.0008
   140        0.1589             nan     0.1000    0.0003
   150        0.1391             nan     0.1000   -0.0012

Iter   TrainDeviance   ValidDeviance   StepSize   Improve
     1        2.0794             nan     0.1000    0.1281
     2        2.0009             nan     0.1000    0.0853
     3        1.9368             nan     0.1000    0.0662
     4        1.8879             nan     0.1000    0.0582
     5        1.8475             nan     0.1000    0.0565
     6        1.8102             nan     0.1000    0.0515
     7        1.7735             nan     0.1000    0.0443
     8        1.7430             nan     0.1000    0.0330
     9        1.7161             nan     0.1000    0.0347
    10        1.6895             nan     0.1000    0.0306
    20        1.4859             nan     0.1000    0.0118
    40        1.2232             nan     0.1000    0.0037
    60        1.0581             nan     0.1000    0.0016
    80        0.9410             nan     0.1000    0.0015
   100        0.8476             nan     0.1000   -0.0015
   120        0.7682             nan     0.1000   -0.0008
   140        0.6996             nan     0.1000   -0.0011
   150        0.6712             nan     0.1000   -0.0005

Iter   TrainDeviance   ValidDeviance   StepSize   Improve
     1        2.0794             nan     0.1000    0.1921
     2        1.9504             nan     0.1000    0.1613
     3        1.8433             nan     0.1000    0.1030
     4        1.7635             nan     0.1000    0.1039
     5        1.6893             nan     0.1000    0.0983
     6        1.6231             nan     0.1000    0.0704
     7        1.5706             nan     0.1000    0.0638
     8        1.5164             nan     0.1000    0.0561
     9        1.4715             nan     0.1000    0.0505
    10        1.4319             nan     0.1000    0.0403
    20        1.1312             nan     0.1000    0.0149
    40        0.8214             nan     0.1000    0.0079
    60        0.6318             nan     0.1000    0.0039
    80        0.5058             nan     0.1000   -0.0006
   100        0.4126             nan     0.1000    0.0000
   120        0.3346             nan     0.1000    0.0000
   140        0.2749             nan     0.1000   -0.0022
   150        0.2491             nan     0.1000   -0.0016

Iter   TrainDeviance   ValidDeviance   StepSize   Improve
     1        2.0794             nan     0.1000    0.2654
     2        1.9082             nan     0.1000    0.1977
     3        1.7756             nan     0.1000    0.1187
     4        1.6812             nan     0.1000    0.1208
     5        1.5924             nan     0.1000    0.1012
     6        1.5162             nan     0.1000    0.0700
     7        1.4585             nan     0.1000    0.0781
     8        1.3999             nan     0.1000    0.0714
     9        1.3441             nan     0.1000    0.0575
    10        1.2932             nan     0.1000    0.0488
    20        0.9482             nan     0.1000    0.0256
    40        0.6138             nan     0.1000    0.0087
    60        0.4361             nan     0.1000   -0.0021
    80        0.3188             nan     0.1000   -0.0003
   100        0.2354             nan     0.1000   -0.0009
   120        0.1771             nan     0.1000   -0.0006
   140        0.1329             nan     0.1000   -0.0012
   150        0.1156             nan     0.1000   -0.0008

Iter   TrainDeviance   ValidDeviance   StepSize   Improve
     1        2.0794             nan     0.1000    0.1176
     2        2.0047             nan     0.1000    0.0956
     3        1.9432             nan     0.1000    0.0732
     4        1.8921             nan     0.1000    0.0724
     5        1.8438             nan     0.1000    0.0548
     6        1.8072             nan     0.1000    0.0535
     7        1.7684             nan     0.1000    0.0362
     8        1.7378             nan     0.1000    0.0312
     9        1.7081             nan     0.1000    0.0224
    10        1.6855             nan     0.1000    0.0359
    20        1.4858             nan     0.1000    0.0115
    40        1.2511             nan     0.1000    0.0008
    60        1.0940             nan     0.1000   -0.0007
    80        0.9809             nan     0.1000   -0.0008
   100        0.8920             nan     0.1000   -0.0045
   120        0.8118             nan     0.1000   -0.0026
   140        0.7462             nan     0.1000   -0.0016
   150        0.7134             nan     0.1000   -0.0026

Iter   TrainDeviance   ValidDeviance   StepSize   Improve
     1        2.0794             nan     0.1000    0.1986
     2        1.9447             nan     0.1000    0.1320
     3        1.8480             nan     0.1000    0.1174
     4        1.7689             nan     0.1000    0.1056
     5        1.6956             nan     0.1000    0.0656
     6        1.6392             nan     0.1000    0.0548
     7        1.5906             nan     0.1000    0.0523
     8        1.5488             nan     0.1000    0.0534
     9        1.5070             nan     0.1000    0.0502
    10        1.4638             nan     0.1000    0.0534
    20        1.1746             nan     0.1000    0.0209
    40        0.8560             nan     0.1000    0.0070
    60        0.6682             nan     0.1000    0.0007
    80        0.5344             nan     0.1000   -0.0011
   100        0.4361             nan     0.1000    0.0003
   120        0.3617             nan     0.1000   -0.0012
   140        0.2994             nan     0.1000   -0.0031
   150        0.2722             nan     0.1000   -0.0027

Iter   TrainDeviance   ValidDeviance   StepSize   Improve
     1        2.0794             nan     0.1000    0.2581
     2        1.8992             nan     0.1000    0.1668
     3        1.7723             nan     0.1000    0.1381
     4        1.6722             nan     0.1000    0.1039
     5        1.5918             nan     0.1000    0.1003
     6        1.5176             nan     0.1000    0.0779
     7        1.4579             nan     0.1000    0.0667
     8        1.4012             nan     0.1000    0.0572
     9        1.3523             nan     0.1000    0.0560
    10        1.3043             nan     0.1000    0.0497
    20        0.9895             nan     0.1000    0.0192
    40        0.6595             nan     0.1000    0.0040
    60        0.4735             nan     0.1000   -0.0007
    80        0.3454             nan     0.1000    0.0018
   100        0.2577             nan     0.1000    0.0008
   120        0.1937             nan     0.1000   -0.0022
   140        0.1503             nan     0.1000   -0.0007
   150        0.1327             nan     0.1000   -0.0010

Iter   TrainDeviance   ValidDeviance   StepSize   Improve
     1        2.0794             nan     0.1000    0.1253
     2        2.0019             nan     0.1000    0.1017
     3        1.9392             nan     0.1000    0.0797
     4        1.8854             nan     0.1000    0.0710
     5        1.8381             nan     0.1000    0.0641
     6        1.7953             nan     0.1000    0.0515
     7        1.7600             nan     0.1000    0.0264
     8        1.7334             nan     0.1000    0.0356
     9        1.7010             nan     0.1000    0.0327
    10        1.6745             nan     0.1000    0.0268
    20        1.4657             nan     0.1000    0.0192
    40        1.2201             nan     0.1000    0.0004
    60        1.0646             nan     0.1000   -0.0024
    80        0.9404             nan     0.1000   -0.0005
   100        0.8485             nan     0.1000   -0.0012
   120        0.7736             nan     0.1000    0.0000
   140        0.7090             nan     0.1000   -0.0043
   150        0.6816             nan     0.1000   -0.0036

Iter   TrainDeviance   ValidDeviance   StepSize   Improve
     1        2.0794             nan     0.1000    0.2207
     2        1.9333             nan     0.1000    0.1470
     3        1.8265             nan     0.1000    0.1178
     4        1.7469             nan     0.1000    0.0840
     5        1.6826             nan     0.1000    0.0962
     6        1.6131             nan     0.1000    0.0800
     7        1.5545             nan     0.1000    0.0572
     8        1.5082             nan     0.1000    0.0544
     9        1.4677             nan     0.1000    0.0566
    10        1.4269             nan     0.1000    0.0460
    20        1.1431             nan     0.1000    0.0179
    40        0.8438             nan     0.1000    0.0061
    60        0.6516             nan     0.1000   -0.0016
    80        0.5204             nan     0.1000   -0.0006
   100        0.4238             nan     0.1000   -0.0008
   120        0.3476             nan     0.1000   -0.0030
   140        0.2873             nan     0.1000   -0.0014
   150        0.2602             nan     0.1000   -0.0020

Iter   TrainDeviance   ValidDeviance   StepSize   Improve
     1        2.0794             nan     0.1000    0.2544
     2        1.9035             nan     0.1000    0.1728
     3        1.7732             nan     0.1000    0.1590
     4        1.6584             nan     0.1000    0.1193
     5        1.5730             nan     0.1000    0.1058
     6        1.4932             nan     0.1000    0.0739
     7        1.4341             nan     0.1000    0.0660
     8        1.3741             nan     0.1000    0.0677
     9        1.3205             nan     0.1000    0.0547
    10        1.2746             nan     0.1000    0.0687
    20        0.9480             nan     0.1000    0.0147
    40        0.6243             nan     0.1000    0.0042
    60        0.4456             nan     0.1000   -0.0017
    80        0.3261             nan     0.1000   -0.0004
   100        0.2419             nan     0.1000   -0.0003
   120        0.1857             nan     0.1000   -0.0012
   140        0.1422             nan     0.1000   -0.0001
   150        0.1251             nan     0.1000   -0.0009

Iter   TrainDeviance   ValidDeviance   StepSize   Improve
     1        2.0794             nan     0.1000    0.1232
     2        2.0058             nan     0.1000    0.0791
     3        1.9484             nan     0.1000    0.0767
     4        1.8948             nan     0.1000    0.0655
     5        1.8517             nan     0.1000    0.0500
     6        1.8146             nan     0.1000    0.0509
     7        1.7786             nan     0.1000    0.0353
     8        1.7468             nan     0.1000    0.0361
     9        1.7187             nan     0.1000    0.0236
    10        1.6955             nan     0.1000    0.0369
    20        1.4930             nan     0.1000    0.0128
    40        1.2575             nan     0.1000    0.0061
    60        1.1041             nan     0.1000    0.0005
    80        0.9886             nan     0.1000   -0.0006
   100        0.8967             nan     0.1000   -0.0017
   120        0.8229             nan     0.1000   -0.0035
   140        0.7520             nan     0.1000   -0.0038
   150        0.7222             nan     0.1000   -0.0045

Iter   TrainDeviance   ValidDeviance   StepSize   Improve
     1        2.0794             nan     0.1000    0.1864
     2        1.9596             nan     0.1000    0.1561
     3        1.8576             nan     0.1000    0.1073
     4        1.7809             nan     0.1000    0.0905
     5        1.7121             nan     0.1000    0.0617
     6        1.6592             nan     0.1000    0.0797
     7        1.6044             nan     0.1000    0.0595
     8        1.5617             nan     0.1000    0.0478
     9        1.5182             nan     0.1000    0.0564
    10        1.4785             nan     0.1000    0.0472
    20        1.2018             nan     0.1000    0.0176
    40        0.8918             nan     0.1000    0.0050
    60        0.7025             nan     0.1000   -0.0019
    80        0.5614             nan     0.1000    0.0001
   100        0.4563             nan     0.1000   -0.0038
   120        0.3706             nan     0.1000   -0.0029
   140        0.3056             nan     0.1000   -0.0015
   150        0.2781             nan     0.1000   -0.0018

Iter   TrainDeviance   ValidDeviance   StepSize   Improve
     1        2.0794             nan     0.1000    0.2650
     2        1.8882             nan     0.1000    0.1651
     3        1.7725             nan     0.1000    0.1103
     4        1.6840             nan     0.1000    0.0970
     5        1.6102             nan     0.1000    0.0927
     6        1.5359             nan     0.1000    0.0850
     7        1.4746             nan     0.1000    0.0674
     8        1.4197             nan     0.1000    0.0611
     9        1.3691             nan     0.1000    0.0517
    10        1.3231             nan     0.1000    0.0453
    20        0.9985             nan     0.1000    0.0233
    40        0.6657             nan     0.1000    0.0057
    60        0.4749             nan     0.1000    0.0013
    80        0.3479             nan     0.1000    0.0014
   100        0.2585             nan     0.1000    0.0015
   120        0.1955             nan     0.1000   -0.0004
   140        0.1497             nan     0.1000   -0.0006
   150        0.1328             nan     0.1000   -0.0010

Iter   TrainDeviance   ValidDeviance   StepSize   Improve
     1        2.0794             nan     0.1000    0.1144
     2        2.0076             nan     0.1000    0.0926
     3        1.9487             nan     0.1000    0.0780
     4        1.8953             nan     0.1000    0.0661
     5        1.8491             nan     0.1000    0.0622
     6        1.8086             nan     0.1000    0.0414
     7        1.7776             nan     0.1000    0.0327
     8        1.7497             nan     0.1000    0.0414
     9        1.7212             nan     0.1000    0.0394
    10        1.6933             nan     0.1000    0.0290
    20        1.5056             nan     0.1000    0.0085
    40        1.2645             nan     0.1000    0.0051
    60        1.1063             nan     0.1000    0.0010
    80        0.9919             nan     0.1000   -0.0018
   100        0.8944             nan     0.1000   -0.0012
   120        0.8160             nan     0.1000   -0.0098
   140        0.7472             nan     0.1000   -0.0016
   150        0.7161             nan     0.1000   -0.0015

Iter   TrainDeviance   ValidDeviance   StepSize   Improve
     1        2.0794             nan     0.1000    0.2068
     2        1.9363             nan     0.1000    0.1492
     3        1.8341             nan     0.1000    0.1081
     4        1.7592             nan     0.1000    0.0927
     5        1.6894             nan     0.1000    0.0764
     6        1.6314             nan     0.1000    0.0771
     7        1.5767             nan     0.1000    0.0592
     8        1.5294             nan     0.1000    0.0489
     9        1.4905             nan     0.1000    0.0422
    10        1.4545             nan     0.1000    0.0369
    20        1.1896             nan     0.1000    0.0207
    40        0.8771             nan     0.1000    0.0037
    60        0.6855             nan     0.1000   -0.0023
    80        0.5454             nan     0.1000    0.0003
   100        0.4412             nan     0.1000   -0.0008
   120        0.3625             nan     0.1000   -0.0010
   140        0.2991             nan     0.1000   -0.0002
   150        0.2728             nan     0.1000   -0.0021

Iter   TrainDeviance   ValidDeviance   StepSize   Improve
     1        2.0794             nan     0.1000    0.2610
     2        1.8933             nan     0.1000    0.1755
     3        1.7695             nan     0.1000    0.1368
     4        1.6686             nan     0.1000    0.1052
     5        1.5905             nan     0.1000    0.0930
     6        1.5211             nan     0.1000    0.0757
     7        1.4608             nan     0.1000    0.0585
     8        1.4118             nan     0.1000    0.0647
     9        1.3574             nan     0.1000    0.0515
    10        1.3151             nan     0.1000    0.0533
    20        0.9903             nan     0.1000    0.0204
    40        0.6614             nan     0.1000    0.0087
    60        0.4679             nan     0.1000   -0.0013
    80        0.3467             nan     0.1000   -0.0008
   100        0.2617             nan     0.1000    0.0009
   120        0.1963             nan     0.1000   -0.0008
   140        0.1503             nan     0.1000   -0.0006
   150        0.1323             nan     0.1000   -0.0011

Iter   TrainDeviance   ValidDeviance   StepSize   Improve
     1        2.0794             nan     0.1000    0.1301
     2        1.9999             nan     0.1000    0.1112
     3        1.9307             nan     0.1000    0.0690
     4        1.8829             nan     0.1000    0.0771
     5        1.8335             nan     0.1000    0.0543
     6        1.7927             nan     0.1000    0.0483
     7        1.7577             nan     0.1000    0.0381
     8        1.7250             nan     0.1000    0.0405
     9        1.6936             nan     0.1000    0.0241
    10        1.6704             nan     0.1000    0.0325
    20        1.4832             nan     0.1000    0.0217
    40        1.2527             nan     0.1000    0.0057
    60        1.0997             nan     0.1000   -0.0024
    80        0.9840             nan     0.1000   -0.0028
   100        0.8917             nan     0.1000   -0.0008
   120        0.8160             nan     0.1000   -0.0029
   140        0.7455             nan     0.1000   -0.0054
   150        0.7165             nan     0.1000   -0.0043

Iter   TrainDeviance   ValidDeviance   StepSize   Improve
     1        2.0794             nan     0.1000    0.2073
     2        1.9388             nan     0.1000    0.1614
     3        1.8360             nan     0.1000    0.1384
     4        1.7461             nan     0.1000    0.0895
     5        1.6821             nan     0.1000    0.0841
     6        1.6171             nan     0.1000    0.0668
     7        1.5646             nan     0.1000    0.0591
     8        1.5186             nan     0.1000    0.0544
     9        1.4783             nan     0.1000    0.0494
    10        1.4388             nan     0.1000    0.0323
    20        1.1631             nan     0.1000    0.0199
    40        0.8767             nan     0.1000   -0.0018
    60        0.6849             nan     0.1000   -0.0017
    80        0.5546             nan     0.1000    0.0001
   100        0.4513             nan     0.1000   -0.0015
   120        0.3728             nan     0.1000   -0.0022
   140        0.3085             nan     0.1000   -0.0028
   150        0.2800             nan     0.1000   -0.0021

Iter   TrainDeviance   ValidDeviance   StepSize   Improve
     1        2.0794             nan     0.1000    0.2844
     2        1.8875             nan     0.1000    0.1729
     3        1.7611             nan     0.1000    0.1198
     4        1.6662             nan     0.1000    0.1101
     5        1.5846             nan     0.1000    0.0834
     6        1.5167             nan     0.1000    0.0761
     7        1.4566             nan     0.1000    0.0647
     8        1.4026             nan     0.1000    0.0502
     9        1.3547             nan     0.1000    0.0555
    10        1.3031             nan     0.1000    0.0433
    20        0.9769             nan     0.1000    0.0198
    40        0.6544             nan     0.1000    0.0042
    60        0.4729             nan     0.1000   -0.0008
    80        0.3494             nan     0.1000   -0.0004
   100        0.2567             nan     0.1000    0.0001
   120        0.1953             nan     0.1000   -0.0007
   140        0.1486             nan     0.1000   -0.0014
   150        0.1311             nan     0.1000   -0.0004

Iter   TrainDeviance   ValidDeviance   StepSize   Improve
     1        2.0794             nan     0.1000    0.1271
     2        1.9990             nan     0.1000    0.0930
     3        1.9349             nan     0.1000    0.0780
     4        1.8834             nan     0.1000    0.0594
     5        1.8404             nan     0.1000    0.0454
     6        1.8046             nan     0.1000    0.0565
     7        1.7685             nan     0.1000    0.0414
     8        1.7394             nan     0.1000    0.0279
     9        1.7119             nan     0.1000    0.0405
    10        1.6827             nan     0.1000    0.0273
    20        1.4880             nan     0.1000    0.0120
    40        1.2606             nan     0.1000    0.0028
    60        1.1011             nan     0.1000    0.0006
    80        0.9828             nan     0.1000    0.0004
   100        0.8885             nan     0.1000    0.0019
   120        0.8117             nan     0.1000   -0.0033
   140        0.7454             nan     0.1000    0.0004
   150        0.7159             nan     0.1000   -0.0040

Iter   TrainDeviance   ValidDeviance   StepSize   Improve
     1        2.0794             nan     0.1000    0.2198
     2        1.9386             nan     0.1000    0.1559
     3        1.8392             nan     0.1000    0.1203
     4        1.7520             nan     0.1000    0.0991
     5        1.6823             nan     0.1000    0.0855
     6        1.6177             nan     0.1000    0.0653
     7        1.5657             nan     0.1000    0.0512
     8        1.5211             nan     0.1000    0.0542
     9        1.4842             nan     0.1000    0.0458
    10        1.4450             nan     0.1000    0.0427
    20        1.1695             nan     0.1000    0.0195
    40        0.8644             nan     0.1000    0.0059
    60        0.6710             nan     0.1000    0.0011
    80        0.5408             nan     0.1000    0.0012
   100        0.4408             nan     0.1000   -0.0007
   120        0.3619             nan     0.1000   -0.0019
   140        0.2982             nan     0.1000   -0.0026
   150        0.2715             nan     0.1000   -0.0018

Iter   TrainDeviance   ValidDeviance   StepSize   Improve
     1        2.0794             nan     0.1000    0.2849
     2        1.8988             nan     0.1000    0.1875
     3        1.7743             nan     0.1000    0.1140
     4        1.6861             nan     0.1000    0.1137
     5        1.6059             nan     0.1000    0.0990
     6        1.5385             nan     0.1000    0.0880
     7        1.4719             nan     0.1000    0.0766
     8        1.4113             nan     0.1000    0.0700
     9        1.3571             nan     0.1000    0.0508
    10        1.3147             nan     0.1000    0.0437
    20        0.9896             nan     0.1000    0.0149
    40        0.6549             nan     0.1000    0.0069
    60        0.4638             nan     0.1000    0.0029
    80        0.3428             nan     0.1000   -0.0012
   100        0.2570             nan     0.1000   -0.0014
   120        0.1956             nan     0.1000   -0.0001
   140        0.1488             nan     0.1000   -0.0005
   150        0.1317             nan     0.1000   -0.0012

Iter   TrainDeviance   ValidDeviance   StepSize   Improve
     1        2.0794             nan     0.1000    0.1242
     2        2.0010             nan     0.1000    0.1026
     3        1.9385             nan     0.1000    0.0765
     4        1.8890             nan     0.1000    0.0659
     5        1.8452             nan     0.1000    0.0557
     6        1.8053             nan     0.1000    0.0509
     7        1.7703             nan     0.1000    0.0361
     8        1.7401             nan     0.1000    0.0371
     9        1.7123             nan     0.1000    0.0331
    10        1.6851             nan     0.1000    0.0250
    20        1.4853             nan     0.1000    0.0145
    40        1.2561             nan     0.1000    0.0033
    60        1.1058             nan     0.1000   -0.0023
    80        0.9943             nan     0.1000   -0.0002
   100        0.9026             nan     0.1000    0.0009
   120        0.8228             nan     0.1000   -0.0004
   140        0.7544             nan     0.1000   -0.0019
   150        0.7262             nan     0.1000   -0.0028

Iter   TrainDeviance   ValidDeviance   StepSize   Improve
     1        2.0794             nan     0.1000    0.1851
     2        1.9446             nan     0.1000    0.1322
     3        1.8467             nan     0.1000    0.1200
     4        1.7618             nan     0.1000    0.0845
     5        1.6948             nan     0.1000    0.0776
     6        1.6375             nan     0.1000    0.0769
     7        1.5840             nan     0.1000    0.0519
     8        1.5337             nan     0.1000    0.0625
     9        1.4858             nan     0.1000    0.0394
    10        1.4494             nan     0.1000    0.0493
    20        1.1758             nan     0.1000    0.0188
    40        0.8736             nan     0.1000    0.0056
    60        0.6960             nan     0.1000   -0.0032
    80        0.5623             nan     0.1000    0.0014
   100        0.4539             nan     0.1000   -0.0010
   120        0.3751             nan     0.1000    0.0014
   140        0.3072             nan     0.1000   -0.0039
   150        0.2796             nan     0.1000   -0.0009

Iter   TrainDeviance   ValidDeviance   StepSize   Improve
     1        2.0794             nan     0.1000    0.2173
     2        1.9292             nan     0.1000    0.1982
     3        1.8011             nan     0.1000    0.1356
     4        1.6983             nan     0.1000    0.1045
     5        1.6137             nan     0.1000    0.0948
     6        1.5368             nan     0.1000    0.0872
     7        1.4686             nan     0.1000    0.0654
     8        1.4150             nan     0.1000    0.0606
     9        1.3669             nan     0.1000    0.0487
    10        1.3217             nan     0.1000    0.0429
    20        0.9917             nan     0.1000    0.0229
    40        0.6608             nan     0.1000    0.0040
    60        0.4757             nan     0.1000    0.0021
    80        0.3522             nan     0.1000   -0.0003
   100        0.2643             nan     0.1000   -0.0001
   120        0.1996             nan     0.1000   -0.0012
   140        0.1514             nan     0.1000   -0.0016
   150        0.1332             nan     0.1000   -0.0016

Iter   TrainDeviance   ValidDeviance   StepSize   Improve
     1        2.0794             nan     0.1000    0.1107
     2        2.0050             nan     0.1000    0.0862
     3        1.9486             nan     0.1000    0.0642
     4        1.9022             nan     0.1000    0.0602
     5        1.8586             nan     0.1000    0.0511
     6        1.8227             nan     0.1000    0.0597
     7        1.7820             nan     0.1000    0.0337
     8        1.7525             nan     0.1000    0.0373
     9        1.7209             nan     0.1000    0.0287
    10        1.6961             nan     0.1000    0.0202
    20        1.5079             nan     0.1000    0.0077
    40        1.2774             nan     0.1000    0.0038
    60        1.1196             nan     0.1000    0.0001
    80        1.0120             nan     0.1000   -0.0014
   100        0.9156             nan     0.1000   -0.0016
   120        0.8331             nan     0.1000   -0.0028
   140        0.7730             nan     0.1000   -0.0038
   150        0.7430             nan     0.1000   -0.0016

Iter   TrainDeviance   ValidDeviance   StepSize   Improve
     1        2.0794             nan     0.1000    0.1802
     2        1.9564             nan     0.1000    0.1280
     3        1.8645             nan     0.1000    0.1261
     4        1.7830             nan     0.1000    0.0983
     5        1.7094             nan     0.1000    0.0816
     6        1.6503             nan     0.1000    0.0676
     7        1.5984             nan     0.1000    0.0537
     8        1.5511             nan     0.1000    0.0421
     9        1.5116             nan     0.1000    0.0440
    10        1.4759             nan     0.1000    0.0437
    20        1.2111             nan     0.1000    0.0162
    40        0.8967             nan     0.1000    0.0023
    60        0.7076             nan     0.1000    0.0025
    80        0.5716             nan     0.1000   -0.0016
   100        0.4722             nan     0.1000    0.0000
   120        0.3888             nan     0.1000   -0.0008
   140        0.3224             nan     0.1000   -0.0026
   150        0.2934             nan     0.1000   -0.0006

Iter   TrainDeviance   ValidDeviance   StepSize   Improve
     1        2.0794             nan     0.1000    0.2344
     2        1.9059             nan     0.1000    0.1863
     3        1.7751             nan     0.1000    0.1158
     4        1.6840             nan     0.1000    0.1040
     5        1.6081             nan     0.1000    0.0916
     6        1.5354             nan     0.1000    0.0764
     7        1.4718             nan     0.1000    0.0634
     8        1.4174             nan     0.1000    0.0547
     9        1.3673             nan     0.1000    0.0502
    10        1.3212             nan     0.1000    0.0435
    20        1.0065             nan     0.1000    0.0031
    40        0.6821             nan     0.1000    0.0065
    60        0.4941             nan     0.1000    0.0010
    80        0.3669             nan     0.1000   -0.0013
   100        0.2770             nan     0.1000    0.0015
   120        0.2125             nan     0.1000   -0.0007
   140        0.1630             nan     0.1000   -0.0011
   150        0.1434             nan     0.1000   -0.0017

Iter   TrainDeviance   ValidDeviance   StepSize   Improve
     1        2.0794             nan     0.1000    0.1331
     2        1.9986             nan     0.1000    0.0968
     3        1.9315             nan     0.1000    0.0986
     4        1.8714             nan     0.1000    0.0708
     5        1.8246             nan     0.1000    0.0503
     6        1.7870             nan     0.1000    0.0647
     7        1.7449             nan     0.1000    0.0563
     8        1.7092             nan     0.1000    0.0385
     9        1.6819             nan     0.1000    0.0347
    10        1.6538             nan     0.1000    0.0313
    20        1.4608             nan     0.1000    0.0163
    40        1.2310             nan     0.1000    0.0009
    60        1.0842             nan     0.1000    0.0008
    80        0.9702             nan     0.1000    0.0010
   100        0.8736             nan     0.1000   -0.0007
   120        0.7954             nan     0.1000   -0.0018
   140        0.7346             nan     0.1000   -0.0028
   150        0.7036             nan     0.1000   -0.0031

Iter   TrainDeviance   ValidDeviance   StepSize   Improve
     1        2.0794             nan     0.1000    0.2372
     2        1.9306             nan     0.1000    0.1761
     3        1.8230             nan     0.1000    0.1242
     4        1.7418             nan     0.1000    0.0895
     5        1.6748             nan     0.1000    0.0732
     6        1.6171             nan     0.1000    0.0764
     7        1.5646             nan     0.1000    0.0644
     8        1.5146             nan     0.1000    0.0616
     9        1.4675             nan     0.1000    0.0451
    10        1.4303             nan     0.1000    0.0462
    20        1.1593             nan     0.1000    0.0208
    40        0.8532             nan     0.1000    0.0067
    60        0.6701             nan     0.1000    0.0014
    80        0.5359             nan     0.1000   -0.0001
   100        0.4379             nan     0.1000   -0.0003
   120        0.3561             nan     0.1000   -0.0012
   140        0.2941             nan     0.1000   -0.0012
   150        0.2666             nan     0.1000   -0.0004

Iter   TrainDeviance   ValidDeviance   StepSize   Improve
     1        2.0794             nan     0.1000    0.2935
     2        1.8893             nan     0.1000    0.1780
     3        1.7660             nan     0.1000    0.1543
     4        1.6580             nan     0.1000    0.1085
     5        1.5784             nan     0.1000    0.0878
     6        1.5064             nan     0.1000    0.0698
     7        1.4452             nan     0.1000    0.0636
     8        1.3945             nan     0.1000    0.0590
     9        1.3432             nan     0.1000    0.0510
    10        1.2982             nan     0.1000    0.0440
    20        0.9568             nan     0.1000    0.0220
    40        0.6314             nan     0.1000    0.0053
    60        0.4490             nan     0.1000   -0.0021
    80        0.3304             nan     0.1000    0.0007
   100        0.2489             nan     0.1000    0.0008
   120        0.1881             nan     0.1000   -0.0009
   140        0.1425             nan     0.1000   -0.0013
   150        0.1247             nan     0.1000   -0.0009

Iter   TrainDeviance   ValidDeviance   StepSize   Improve
     1        2.0794             nan     0.1000    0.2208
     2        1.9269             nan     0.1000    0.1252
     3        1.8237             nan     0.1000    0.1106
     4        1.7372             nan     0.1000    0.0888
     5        1.6599             nan     0.1000    0.0594
     6        1.5989             nan     0.1000    0.0637
     7        1.5443             nan     0.1000    0.0529
     8        1.4931             nan     0.1000    0.0342
     9        1.4517             nan     0.1000    0.0523
    10        1.4058             nan     0.1000    0.0402
    20        1.1217             nan     0.1000    0.0125
    40        0.8244             nan     0.1000    0.0001
    60        0.6336             nan     0.1000   -0.0005
    80        0.4920             nan     0.1000   -0.0007
   100        0.3908             nan     0.1000   -0.0037
   120        0.3137             nan     0.1000   -0.0018
   140        0.2533             nan     0.1000   -0.0024
   150        0.2277             nan     0.1000    0.0002

Model size:  22 
-------Evaluation
              y
y1             coast forest highway insidecity mountain opencountry street tallbuilding
  coast          177      0       0          0        0           0      0            0
  forest           0    171       0          0        0           1      0            0
  highway          0      0     127          0        0           0      0            0
  insidecity       1      0       2        163        1           1      0            2
  mountain         1      0       0          0      195           2      0            0
  opencountry      1      0       0          1        3         220      0            0
  street           0      0       0          0        0           0    152            0
  tallbuilding     0      0       0          0        0           2      0          183
[1] 0.01280228
              y
y1             coast forest highway insidecity mountain opencountry street tallbuilding
  coast           55      1       3          2        6           3      0            6
  forest           3     61       1          5        2           3      1            2
  highway          1      0      41          0        3           6      5            1
  insidecity       3      3       0         48        3           4      6            7
  mountain         4      1       1          1       56           4      3            4
  opencountry      6      6       3          4        5          72      3            0
  street           0      0       3          6        4           1     45            3
  tallbuilding     4      1       2          3        5           3      1           55
[1] 0.2710438
