-------Sliced
[1] 2000   21

       coast       forest      highway   insidecity     mountain  opencountry       street tallbuilding 
         276          208          207          217          315          297          199          281 
-------Splitting
Training coin:  0.7 
[1] 1403   21

       coast       forest      highway   insidecity     mountain  opencountry       street tallbuilding 
         194          146          145          152          221          208          140          197 
[1] 597  21

       coast       forest      highway   insidecity     mountain  opencountry       street tallbuilding 
          82           62           62           65           94           89           59           84 
-------Fitting
Iter   TrainDeviance   ValidDeviance   StepSize   Improve
     1        2.0794             nan     0.1000    0.0633
     2        2.0381             nan     0.1000    0.0475
     3        2.0041             nan     0.1000    0.0361
     4        1.9789             nan     0.1000    0.0275
     5        1.9522             nan     0.1000    0.0288
     6        1.9276             nan     0.1000    0.0254
     7        1.9079             nan     0.1000    0.0243
     8        1.8864             nan     0.1000    0.0156
     9        1.8683             nan     0.1000    0.0160
    10        1.8504             nan     0.1000    0.0172
    20        1.7364             nan     0.1000    0.0037
    40        1.5742             nan     0.1000    0.0031
    60        1.4577             nan     0.1000   -0.0025
    80        1.3672             nan     0.1000   -0.0013
   100        1.2935             nan     0.1000   -0.0024
   120        1.2289             nan     0.1000   -0.0043
   140        1.1713             nan     0.1000   -0.0046
   150        1.1433             nan     0.1000   -0.0054

Iter   TrainDeviance   ValidDeviance   StepSize   Improve
     1        2.0794             nan     0.1000    0.1085
     2        2.0008             nan     0.1000    0.0824
     3        1.9389             nan     0.1000    0.0769
     4        1.8855             nan     0.1000    0.0402
     5        1.8461             nan     0.1000    0.0490
     6        1.8077             nan     0.1000    0.0336
     7        1.7742             nan     0.1000    0.0342
     8        1.7423             nan     0.1000    0.0338
     9        1.7096             nan     0.1000    0.0195
    10        1.6835             nan     0.1000    0.0276
    20        1.4686             nan     0.1000    0.0069
    40        1.2156             nan     0.1000    0.0034
    60        1.0372             nan     0.1000    0.0002
    80        0.8885             nan     0.1000    0.0012
   100        0.7816             nan     0.1000   -0.0034
   120        0.6903             nan     0.1000   -0.0007
   140        0.6108             nan     0.1000   -0.0012
   150        0.5749             nan     0.1000   -0.0053

Iter   TrainDeviance   ValidDeviance   StepSize   Improve
     1        2.0794             nan     0.1000    0.1779
     2        1.9684             nan     0.1000    0.1165
     3        1.8819             nan     0.1000    0.0859
     4        1.8164             nan     0.1000    0.0628
     5        1.7647             nan     0.1000    0.0545
     6        1.7133             nan     0.1000    0.0440
     7        1.6734             nan     0.1000    0.0505
     8        1.6258             nan     0.1000    0.0341
     9        1.5882             nan     0.1000    0.0233
    10        1.5586             nan     0.1000    0.0201
    20        1.3021             nan     0.1000    0.0134
    40        0.9987             nan     0.1000    0.0041
    60        0.7907             nan     0.1000   -0.0029
    80        0.6448             nan     0.1000   -0.0006
   100        0.5312             nan     0.1000   -0.0045
   120        0.4390             nan     0.1000   -0.0025
   140        0.3677             nan     0.1000   -0.0027
   150        0.3364             nan     0.1000   -0.0024

Iter   TrainDeviance   ValidDeviance   StepSize   Improve
     1        2.0794             nan     0.1000    0.0650
     2        2.0390             nan     0.1000    0.0438
     3        2.0058             nan     0.1000    0.0364
     4        1.9759             nan     0.1000    0.0338
     5        1.9502             nan     0.1000    0.0254
     6        1.9275             nan     0.1000    0.0189
     7        1.9090             nan     0.1000    0.0246
     8        1.8892             nan     0.1000    0.0118
     9        1.8737             nan     0.1000    0.0146
    10        1.8600             nan     0.1000    0.0125
    20        1.7474             nan     0.1000    0.0036
    40        1.5913             nan     0.1000    0.0002
    60        1.4861             nan     0.1000   -0.0015
    80        1.4016             nan     0.1000   -0.0036
   100        1.3325             nan     0.1000   -0.0043
   120        1.2713             nan     0.1000   -0.0028
   140        1.2163             nan     0.1000   -0.0064
   150        1.1923             nan     0.1000   -0.0056

Iter   TrainDeviance   ValidDeviance   StepSize   Improve
     1        2.0794             nan     0.1000    0.1030
     2        2.0050             nan     0.1000    0.0709
     3        1.9460             nan     0.1000    0.0630
     4        1.8943             nan     0.1000    0.0491
     5        1.8530             nan     0.1000    0.0454
     6        1.8136             nan     0.1000    0.0380
     7        1.7817             nan     0.1000    0.0338
     8        1.7486             nan     0.1000    0.0301
     9        1.7221             nan     0.1000    0.0296
    10        1.6934             nan     0.1000    0.0265
    20        1.4840             nan     0.1000    0.0085
    40        1.2345             nan     0.1000   -0.0002
    60        1.0591             nan     0.1000   -0.0025
    80        0.9317             nan     0.1000   -0.0027
   100        0.8211             nan     0.1000   -0.0032
   120        0.7322             nan     0.1000   -0.0051
   140        0.6525             nan     0.1000   -0.0029
   150        0.6193             nan     0.1000   -0.0031

Iter   TrainDeviance   ValidDeviance   StepSize   Improve
     1        2.0794             nan     0.1000    0.1371
     2        1.9714             nan     0.1000    0.0808
     3        1.9032             nan     0.1000    0.0764
     4        1.8430             nan     0.1000    0.0527
     5        1.7937             nan     0.1000    0.0598
     6        1.7447             nan     0.1000    0.0489
     7        1.6995             nan     0.1000    0.0317
     8        1.6590             nan     0.1000    0.0372
     9        1.6181             nan     0.1000    0.0300
    10        1.5847             nan     0.1000    0.0233
    20        1.3383             nan     0.1000    0.0076
    40        1.0398             nan     0.1000    0.0065
    60        0.8349             nan     0.1000    0.0012
    80        0.6830             nan     0.1000   -0.0051
   100        0.5690             nan     0.1000   -0.0038
   120        0.4717             nan     0.1000   -0.0004
   140        0.3939             nan     0.1000   -0.0035
   150        0.3629             nan     0.1000   -0.0028

Iter   TrainDeviance   ValidDeviance   StepSize   Improve
     1        2.0794             nan     0.1000    0.0653
     2        2.0392             nan     0.1000    0.0472
     3        2.0046             nan     0.1000    0.0261
     4        1.9757             nan     0.1000    0.0269
     5        1.9536             nan     0.1000    0.0179
     6        1.9339             nan     0.1000    0.0222
     7        1.9138             nan     0.1000    0.0178
     8        1.8969             nan     0.1000    0.0134
     9        1.8823             nan     0.1000    0.0216
    10        1.8641             nan     0.1000    0.0189
    20        1.7432             nan     0.1000    0.0067
    40        1.5893             nan     0.1000    0.0002
    60        1.4788             nan     0.1000   -0.0002
    80        1.3932             nan     0.1000   -0.0012
   100        1.3179             nan     0.1000   -0.0036
   120        1.2526             nan     0.1000   -0.0012
   140        1.1948             nan     0.1000   -0.0018
   150        1.1709             nan     0.1000   -0.0028

Iter   TrainDeviance   ValidDeviance   StepSize   Improve
     1        2.0794             nan     0.1000    0.0779
     2        2.0086             nan     0.1000    0.0911
     3        1.9440             nan     0.1000    0.0619
     4        1.8954             nan     0.1000    0.0592
     5        1.8506             nan     0.1000    0.0412
     6        1.8140             nan     0.1000    0.0308
     7        1.7817             nan     0.1000    0.0263
     8        1.7487             nan     0.1000    0.0382
     9        1.7164             nan     0.1000    0.0308
    10        1.6859             nan     0.1000    0.0272
    20        1.4695             nan     0.1000    0.0217
    40        1.2136             nan     0.1000    0.0007
    60        1.0399             nan     0.1000   -0.0019
    80        0.8999             nan     0.1000   -0.0014
   100        0.7869             nan     0.1000    0.0014
   120        0.6899             nan     0.1000   -0.0039
   140        0.6097             nan     0.1000    0.0017
   150        0.5716             nan     0.1000   -0.0035

Iter   TrainDeviance   ValidDeviance   StepSize   Improve
     1        2.0794             nan     0.1000    0.1286
     2        1.9828             nan     0.1000    0.1147
     3        1.8998             nan     0.1000    0.0980
     4        1.8299             nan     0.1000    0.0744
     5        1.7721             nan     0.1000    0.0700
     6        1.7159             nan     0.1000    0.0420
     7        1.6721             nan     0.1000    0.0485
     8        1.6287             nan     0.1000    0.0370
     9        1.5928             nan     0.1000    0.0399
    10        1.5586             nan     0.1000    0.0234
    20        1.2974             nan     0.1000    0.0069
    40        0.9910             nan     0.1000   -0.0017
    60        0.7891             nan     0.1000    0.0001
    80        0.6423             nan     0.1000    0.0036
   100        0.5242             nan     0.1000   -0.0016
   120        0.4314             nan     0.1000   -0.0013
   140        0.3612             nan     0.1000   -0.0021
   150        0.3314             nan     0.1000   -0.0022

Iter   TrainDeviance   ValidDeviance   StepSize   Improve
     1        2.0794             nan     0.1000    0.0543
     2        2.0361             nan     0.1000    0.0386
     3        2.0054             nan     0.1000    0.0454
     4        1.9749             nan     0.1000    0.0324
     5        1.9500             nan     0.1000    0.0316
     6        1.9261             nan     0.1000    0.0259
     7        1.9028             nan     0.1000    0.0181
     8        1.8865             nan     0.1000    0.0184
     9        1.8667             nan     0.1000    0.0099
    10        1.8541             nan     0.1000    0.0168
    20        1.7241             nan     0.1000    0.0101
    40        1.5675             nan     0.1000   -0.0010
    60        1.4602             nan     0.1000   -0.0051
    80        1.3697             nan     0.1000   -0.0047
   100        1.2956             nan     0.1000   -0.0034
   120        1.2308             nan     0.1000   -0.0025
   140        1.1774             nan     0.1000   -0.0029
   150        1.1523             nan     0.1000   -0.0054

Iter   TrainDeviance   ValidDeviance   StepSize   Improve
     1        2.0794             nan     0.1000    0.1270
     2        1.9933             nan     0.1000    0.0845
     3        1.9282             nan     0.1000    0.0747
     4        1.8725             nan     0.1000    0.0618
     5        1.8233             nan     0.1000    0.0456
     6        1.7859             nan     0.1000    0.0374
     7        1.7497             nan     0.1000    0.0391
     8        1.7186             nan     0.1000    0.0278
     9        1.6857             nan     0.1000    0.0258
    10        1.6593             nan     0.1000    0.0245
    20        1.4575             nan     0.1000    0.0117
    40        1.2050             nan     0.1000   -0.0004
    60        1.0287             nan     0.1000   -0.0014
    80        0.8920             nan     0.1000   -0.0034
   100        0.7851             nan     0.1000   -0.0029
   120        0.6913             nan     0.1000   -0.0025
   140        0.6142             nan     0.1000   -0.0033
   150        0.5789             nan     0.1000   -0.0026

Iter   TrainDeviance   ValidDeviance   StepSize   Improve
     1        2.0794             nan     0.1000    0.1349
     2        1.9740             nan     0.1000    0.1144
     3        1.8869             nan     0.1000    0.0868
     4        1.8133             nan     0.1000    0.0781
     5        1.7515             nan     0.1000    0.0599
     6        1.6987             nan     0.1000    0.0583
     7        1.6510             nan     0.1000    0.0399
     8        1.6144             nan     0.1000    0.0407
     9        1.5790             nan     0.1000    0.0298
    10        1.5458             nan     0.1000    0.0251
    20        1.2946             nan     0.1000    0.0119
    40        0.9961             nan     0.1000    0.0053
    60        0.7896             nan     0.1000   -0.0018
    80        0.6367             nan     0.1000   -0.0028
   100        0.5196             nan     0.1000   -0.0018
   120        0.4319             nan     0.1000   -0.0030
   140        0.3589             nan     0.1000   -0.0011
   150        0.3272             nan     0.1000   -0.0024

Iter   TrainDeviance   ValidDeviance   StepSize   Improve
     1        2.0794             nan     0.1000    0.0605
     2        2.0369             nan     0.1000    0.0496
     3        2.0025             nan     0.1000    0.0393
     4        1.9730             nan     0.1000    0.0241
     5        1.9504             nan     0.1000    0.0217
     6        1.9278             nan     0.1000    0.0210
     7        1.9090             nan     0.1000    0.0159
     8        1.8912             nan     0.1000    0.0208
     9        1.8742             nan     0.1000    0.0110
    10        1.8576             nan     0.1000    0.0148
    20        1.7446             nan     0.1000    0.0046
    40        1.5910             nan     0.1000    0.0035
    60        1.4735             nan     0.1000   -0.0023
    80        1.3880             nan     0.1000   -0.0037
   100        1.3185             nan     0.1000   -0.0020
   120        1.2554             nan     0.1000   -0.0048
   140        1.2005             nan     0.1000   -0.0068
   150        1.1730             nan     0.1000   -0.0048

Iter   TrainDeviance   ValidDeviance   StepSize   Improve
     1        2.0794             nan     0.1000    0.1011
     2        2.0015             nan     0.1000    0.0722
     3        1.9452             nan     0.1000    0.0647
     4        1.8963             nan     0.1000    0.0580
     5        1.8516             nan     0.1000    0.0498
     6        1.8117             nan     0.1000    0.0363
     7        1.7793             nan     0.1000    0.0300
     8        1.7502             nan     0.1000    0.0308
     9        1.7169             nan     0.1000    0.0194
    10        1.6915             nan     0.1000    0.0253
    20        1.4851             nan     0.1000    0.0057
    40        1.2368             nan     0.1000    0.0031
    60        1.0618             nan     0.1000    0.0039
    80        0.9304             nan     0.1000   -0.0004
   100        0.8178             nan     0.1000   -0.0019
   120        0.7264             nan     0.1000   -0.0042
   140        0.6445             nan     0.1000   -0.0028
   150        0.6082             nan     0.1000   -0.0040

Iter   TrainDeviance   ValidDeviance   StepSize   Improve
     1        2.0794             nan     0.1000    0.1327
     2        1.9755             nan     0.1000    0.0986
     3        1.9041             nan     0.1000    0.0898
     4        1.8342             nan     0.1000    0.0536
     5        1.7802             nan     0.1000    0.0562
     6        1.7312             nan     0.1000    0.0452
     7        1.6900             nan     0.1000    0.0507
     8        1.6494             nan     0.1000    0.0339
     9        1.6117             nan     0.1000    0.0327
    10        1.5784             nan     0.1000    0.0297
    20        1.3317             nan     0.1000    0.0107
    40        1.0379             nan     0.1000    0.0031
    60        0.8329             nan     0.1000    0.0040
    80        0.6823             nan     0.1000   -0.0030
   100        0.5680             nan     0.1000   -0.0032
   120        0.4755             nan     0.1000   -0.0027
   140        0.3979             nan     0.1000   -0.0025
   150        0.3667             nan     0.1000   -0.0024

Iter   TrainDeviance   ValidDeviance   StepSize   Improve
     1        2.0794             nan     0.1000    0.0627
     2        2.0368             nan     0.1000    0.0473
     3        2.0042             nan     0.1000    0.0318
     4        1.9764             nan     0.1000    0.0356
     5        1.9512             nan     0.1000    0.0240
     6        1.9302             nan     0.1000    0.0226
     7        1.9087             nan     0.1000    0.0184
     8        1.8915             nan     0.1000    0.0147
     9        1.8776             nan     0.1000    0.0151
    10        1.8629             nan     0.1000    0.0164
    20        1.7530             nan     0.1000    0.0048
    40        1.6082             nan     0.1000    0.0017
    60        1.5011             nan     0.1000   -0.0041
    80        1.4173             nan     0.1000   -0.0031
   100        1.3470             nan     0.1000   -0.0036
   120        1.2825             nan     0.1000   -0.0046
   140        1.2257             nan     0.1000   -0.0040
   150        1.2011             nan     0.1000   -0.0042

Iter   TrainDeviance   ValidDeviance   StepSize   Improve
     1        2.0794             nan     0.1000    0.0971
     2        2.0021             nan     0.1000    0.0788
     3        1.9433             nan     0.1000    0.0558
     4        1.8933             nan     0.1000    0.0569
     5        1.8514             nan     0.1000    0.0520
     6        1.8065             nan     0.1000    0.0383
     7        1.7723             nan     0.1000    0.0406
     8        1.7395             nan     0.1000    0.0300
     9        1.7097             nan     0.1000    0.0221
    10        1.6844             nan     0.1000    0.0173
    20        1.5068             nan     0.1000    0.0121
    40        1.2487             nan     0.1000    0.0015
    60        1.0636             nan     0.1000   -0.0008
    80        0.9264             nan     0.1000   -0.0016
   100        0.8145             nan     0.1000    0.0025
   120        0.7148             nan     0.1000   -0.0027
   140        0.6341             nan     0.1000   -0.0001
   150        0.5941             nan     0.1000   -0.0030

Iter   TrainDeviance   ValidDeviance   StepSize   Improve
     1        2.0794             nan     0.1000    0.1224
     2        1.9818             nan     0.1000    0.1043
     3        1.9031             nan     0.1000    0.0905
     4        1.8269             nan     0.1000    0.0546
     5        1.7735             nan     0.1000    0.0618
     6        1.7237             nan     0.1000    0.0399
     7        1.6873             nan     0.1000    0.0474
     8        1.6471             nan     0.1000    0.0271
     9        1.6115             nan     0.1000    0.0283
    10        1.5792             nan     0.1000    0.0320
    20        1.3417             nan     0.1000    0.0186
    40        1.0184             nan     0.1000    0.0037
    60        0.8169             nan     0.1000   -0.0053
    80        0.6646             nan     0.1000   -0.0012
   100        0.5502             nan     0.1000   -0.0032
   120        0.4566             nan     0.1000   -0.0026
   140        0.3823             nan     0.1000   -0.0040
   150        0.3506             nan     0.1000   -0.0015

Iter   TrainDeviance   ValidDeviance   StepSize   Improve
     1        2.0794             nan     0.1000    0.0679
     2        2.0377             nan     0.1000    0.0504
     3        2.0015             nan     0.1000    0.0454
     4        1.9703             nan     0.1000    0.0239
     5        1.9465             nan     0.1000    0.0324
     6        1.9228             nan     0.1000    0.0256
     7        1.9007             nan     0.1000    0.0210
     8        1.8819             nan     0.1000    0.0196
     9        1.8635             nan     0.1000    0.0167
    10        1.8479             nan     0.1000    0.0148
    20        1.7263             nan     0.1000    0.0019
    40        1.5816             nan     0.1000    0.0022
    60        1.4802             nan     0.1000   -0.0016
    80        1.4009             nan     0.1000   -0.0032
   100        1.3315             nan     0.1000   -0.0040
   120        1.2720             nan     0.1000   -0.0013
   140        1.2153             nan     0.1000   -0.0050
   150        1.1903             nan     0.1000   -0.0044

Iter   TrainDeviance   ValidDeviance   StepSize   Improve
     1        2.0794             nan     0.1000    0.0937
     2        2.0068             nan     0.1000    0.0700
     3        1.9498             nan     0.1000    0.0748
     4        1.8949             nan     0.1000    0.0384
     5        1.8607             nan     0.1000    0.0493
     6        1.8221             nan     0.1000    0.0406
     7        1.7887             nan     0.1000    0.0382
     8        1.7525             nan     0.1000    0.0373
     9        1.7209             nan     0.1000    0.0230
    10        1.6981             nan     0.1000    0.0269
    20        1.4941             nan     0.1000    0.0029
    40        1.2393             nan     0.1000    0.0042
    60        1.0662             nan     0.1000    0.0026
    80        0.9343             nan     0.1000   -0.0036
   100        0.8175             nan     0.1000   -0.0025
   120        0.7186             nan     0.1000   -0.0028
   140        0.6364             nan     0.1000   -0.0023
   150        0.5981             nan     0.1000   -0.0012

Iter   TrainDeviance   ValidDeviance   StepSize   Improve
     1        2.0794             nan     0.1000    0.1320
     2        1.9742             nan     0.1000    0.1235
     3        1.8938             nan     0.1000    0.0934
     4        1.8210             nan     0.1000    0.0538
     5        1.7692             nan     0.1000    0.0598
     6        1.7133             nan     0.1000    0.0474
     7        1.6687             nan     0.1000    0.0393
     8        1.6287             nan     0.1000    0.0330
     9        1.5924             nan     0.1000    0.0300
    10        1.5607             nan     0.1000    0.0293
    20        1.3074             nan     0.1000    0.0100
    40        1.0063             nan     0.1000    0.0019
    60        0.8096             nan     0.1000   -0.0004
    80        0.6566             nan     0.1000   -0.0017
   100        0.5419             nan     0.1000   -0.0012
   120        0.4489             nan     0.1000   -0.0022
   140        0.3771             nan     0.1000   -0.0021
   150        0.3449             nan     0.1000   -0.0019

Iter   TrainDeviance   ValidDeviance   StepSize   Improve
     1        2.0794             nan     0.1000    0.0497
     2        2.0427             nan     0.1000    0.0454
     3        2.0092             nan     0.1000    0.0393
     4        1.9781             nan     0.1000    0.0344
     5        1.9518             nan     0.1000    0.0276
     6        1.9299             nan     0.1000    0.0262
     7        1.9085             nan     0.1000    0.0207
     8        1.8879             nan     0.1000    0.0204
     9        1.8702             nan     0.1000    0.0153
    10        1.8540             nan     0.1000    0.0149
    20        1.7324             nan     0.1000    0.0090
    40        1.5704             nan     0.1000   -0.0001
    60        1.4614             nan     0.1000   -0.0046
    80        1.3749             nan     0.1000   -0.0035
   100        1.3013             nan     0.1000   -0.0026
   120        1.2378             nan     0.1000   -0.0035
   140        1.1802             nan     0.1000   -0.0068
   150        1.1553             nan     0.1000   -0.0031

Iter   TrainDeviance   ValidDeviance   StepSize   Improve
     1        2.0794             nan     0.1000    0.1088
     2        2.0003             nan     0.1000    0.0627
     3        1.9436             nan     0.1000    0.0694
     4        1.8869             nan     0.1000    0.0619
     5        1.8361             nan     0.1000    0.0464
     6        1.7971             nan     0.1000    0.0437
     7        1.7594             nan     0.1000    0.0371
     8        1.7247             nan     0.1000    0.0372
     9        1.6953             nan     0.1000    0.0335
    10        1.6639             nan     0.1000    0.0259
    20        1.4581             nan     0.1000    0.0075
    40        1.2052             nan     0.1000    0.0017
    60        1.0239             nan     0.1000   -0.0031
    80        0.8958             nan     0.1000    0.0002
   100        0.7861             nan     0.1000   -0.0029
   120        0.6933             nan     0.1000   -0.0018
   140        0.6120             nan     0.1000   -0.0027
   150        0.5761             nan     0.1000   -0.0041

Iter   TrainDeviance   ValidDeviance   StepSize   Improve
     1        2.0794             nan     0.1000    0.1505
     2        1.9759             nan     0.1000    0.1261
     3        1.8826             nan     0.1000    0.0855
     4        1.8131             nan     0.1000    0.0599
     5        1.7551             nan     0.1000    0.0562
     6        1.7072             nan     0.1000    0.0467
     7        1.6627             nan     0.1000    0.0474
     8        1.6154             nan     0.1000    0.0414
     9        1.5757             nan     0.1000    0.0235
    10        1.5470             nan     0.1000    0.0244
    20        1.2845             nan     0.1000    0.0047
    40        0.9871             nan     0.1000    0.0035
    60        0.7839             nan     0.1000   -0.0007
    80        0.6428             nan     0.1000   -0.0011
   100        0.5249             nan     0.1000    0.0005
   120        0.4320             nan     0.1000   -0.0023
   140        0.3594             nan     0.1000   -0.0016
   150        0.3286             nan     0.1000   -0.0028

Iter   TrainDeviance   ValidDeviance   StepSize   Improve
     1        2.0794             nan     0.1000    0.0561
     2        2.0401             nan     0.1000    0.0521
     3        2.0070             nan     0.1000    0.0414
     4        1.9765             nan     0.1000    0.0286
     5        1.9521             nan     0.1000    0.0243
     6        1.9286             nan     0.1000    0.0238
     7        1.9093             nan     0.1000    0.0146
     8        1.8922             nan     0.1000    0.0188
     9        1.8744             nan     0.1000    0.0131
    10        1.8612             nan     0.1000    0.0148
    20        1.7383             nan     0.1000    0.0049
    40        1.5726             nan     0.1000    0.0042
    60        1.4575             nan     0.1000    0.0010
    80        1.3690             nan     0.1000   -0.0032
   100        1.2954             nan     0.1000   -0.0023
   120        1.2304             nan     0.1000   -0.0042
   140        1.1755             nan     0.1000   -0.0077
   150        1.1490             nan     0.1000   -0.0024

Iter   TrainDeviance   ValidDeviance   StepSize   Improve
     1        2.0794             nan     0.1000    0.1044
     2        2.0038             nan     0.1000    0.0810
     3        1.9414             nan     0.1000    0.0569
     4        1.8926             nan     0.1000    0.0602
     5        1.8473             nan     0.1000    0.0550
     6        1.8055             nan     0.1000    0.0430
     7        1.7667             nan     0.1000    0.0226
     8        1.7402             nan     0.1000    0.0301
     9        1.7096             nan     0.1000    0.0314
    10        1.6815             nan     0.1000    0.0181
    20        1.4771             nan     0.1000    0.0161
    40        1.2268             nan     0.1000    0.0019
    60        1.0550             nan     0.1000   -0.0033
    80        0.9188             nan     0.1000    0.0039
   100        0.7991             nan     0.1000   -0.0045
   120        0.7069             nan     0.1000   -0.0029
   140        0.6247             nan     0.1000   -0.0010
   150        0.5877             nan     0.1000   -0.0040

Iter   TrainDeviance   ValidDeviance   StepSize   Improve
     1        2.0794             nan     0.1000    0.1333
     2        1.9821             nan     0.1000    0.1149
     3        1.8946             nan     0.1000    0.0705
     4        1.8287             nan     0.1000    0.0675
     5        1.7726             nan     0.1000    0.0607
     6        1.7230             nan     0.1000    0.0495
     7        1.6774             nan     0.1000    0.0452
     8        1.6354             nan     0.1000    0.0286
     9        1.6012             nan     0.1000    0.0350
    10        1.5648             nan     0.1000    0.0282
    20        1.3123             nan     0.1000    0.0150
    40        0.9998             nan     0.1000    0.0004
    60        0.7926             nan     0.1000   -0.0010
    80        0.6456             nan     0.1000   -0.0012
   100        0.5318             nan     0.1000   -0.0007
   120        0.4424             nan     0.1000   -0.0015
   140        0.3672             nan     0.1000   -0.0021
   150        0.3345             nan     0.1000   -0.0017

Iter   TrainDeviance   ValidDeviance   StepSize   Improve
     1        2.0794             nan     0.1000    0.0549
     2        2.0344             nan     0.1000    0.0466
     3        1.9993             nan     0.1000    0.0450
     4        1.9662             nan     0.1000    0.0391
     5        1.9385             nan     0.1000    0.0302
     6        1.9132             nan     0.1000    0.0159
     7        1.8961             nan     0.1000    0.0123
     8        1.8789             nan     0.1000    0.0207
     9        1.8602             nan     0.1000    0.0141
    10        1.8450             nan     0.1000    0.0154
    20        1.7207             nan     0.1000    0.0060
    40        1.5699             nan     0.1000    0.0005
    60        1.4556             nan     0.1000   -0.0030
    80        1.3731             nan     0.1000   -0.0028
   100        1.3024             nan     0.1000   -0.0052
   120        1.2375             nan     0.1000   -0.0047
   140        1.1805             nan     0.1000   -0.0047
   150        1.1557             nan     0.1000   -0.0054

Iter   TrainDeviance   ValidDeviance   StepSize   Improve
     1        2.0794             nan     0.1000    0.1067
     2        2.0020             nan     0.1000    0.0937
     3        1.9341             nan     0.1000    0.0626
     4        1.8823             nan     0.1000    0.0469
     5        1.8431             nan     0.1000    0.0459
     6        1.8065             nan     0.1000    0.0345
     7        1.7735             nan     0.1000    0.0383
     8        1.7379             nan     0.1000    0.0290
     9        1.7100             nan     0.1000    0.0279
    10        1.6834             nan     0.1000    0.0229
    20        1.4811             nan     0.1000    0.0101
    40        1.2221             nan     0.1000    0.0040
    60        1.0461             nan     0.1000    0.0023
    80        0.9050             nan     0.1000   -0.0008
   100        0.7980             nan     0.1000    0.0003
   120        0.6972             nan     0.1000   -0.0018
   140        0.6209             nan     0.1000   -0.0027
   150        0.5883             nan     0.1000   -0.0032

Iter   TrainDeviance   ValidDeviance   StepSize   Improve
     1        2.0794             nan     0.1000    0.1333
     2        1.9775             nan     0.1000    0.1324
     3        1.8860             nan     0.1000    0.0793
     4        1.8208             nan     0.1000    0.0682
     5        1.7663             nan     0.1000    0.0677
     6        1.7086             nan     0.1000    0.0441
     7        1.6676             nan     0.1000    0.0388
     8        1.6338             nan     0.1000    0.0261
     9        1.6017             nan     0.1000    0.0291
    10        1.5692             nan     0.1000    0.0273
    20        1.3182             nan     0.1000    0.0166
    40        1.0089             nan     0.1000    0.0049
    60        0.8002             nan     0.1000    0.0004
    80        0.6494             nan     0.1000   -0.0028
   100        0.5324             nan     0.1000   -0.0027
   120        0.4385             nan     0.1000   -0.0017
   140        0.3685             nan     0.1000   -0.0021
   150        0.3369             nan     0.1000   -0.0020

Iter   TrainDeviance   ValidDeviance   StepSize   Improve
     1        2.0794             nan     0.1000    0.0585
     2        2.0402             nan     0.1000    0.0573
     3        2.0055             nan     0.1000    0.0392
     4        1.9754             nan     0.1000    0.0311
     5        1.9503             nan     0.1000    0.0311
     6        1.9257             nan     0.1000    0.0244
     7        1.9010             nan     0.1000    0.0228
     8        1.8817             nan     0.1000    0.0158
     9        1.8672             nan     0.1000    0.0089
    10        1.8524             nan     0.1000    0.0148
    20        1.7339             nan     0.1000    0.0063
    40        1.5675             nan     0.1000   -0.0015
    60        1.4565             nan     0.1000   -0.0010
    80        1.3677             nan     0.1000   -0.0058
   100        1.2942             nan     0.1000   -0.0029
   120        1.2317             nan     0.1000   -0.0036
   140        1.1736             nan     0.1000   -0.0031
   150        1.1471             nan     0.1000   -0.0072

Iter   TrainDeviance   ValidDeviance   StepSize   Improve
     1        2.0794             nan     0.1000    0.1039
     2        1.9984             nan     0.1000    0.0823
     3        1.9358             nan     0.1000    0.0651
     4        1.8843             nan     0.1000    0.0582
     5        1.8376             nan     0.1000    0.0445
     6        1.8018             nan     0.1000    0.0425
     7        1.7659             nan     0.1000    0.0286
     8        1.7346             nan     0.1000    0.0343
     9        1.7033             nan     0.1000    0.0219
    10        1.6751             nan     0.1000    0.0232
    20        1.4731             nan     0.1000    0.0075
    40        1.2126             nan     0.1000   -0.0003
    60        1.0226             nan     0.1000    0.0070
    80        0.8739             nan     0.1000   -0.0013
   100        0.7634             nan     0.1000   -0.0013
   120        0.6745             nan     0.1000   -0.0037
   140        0.5953             nan     0.1000   -0.0033
   150        0.5588             nan     0.1000   -0.0017

Iter   TrainDeviance   ValidDeviance   StepSize   Improve
     1        2.0794             nan     0.1000    0.1640
     2        1.9664             nan     0.1000    0.1236
     3        1.8706             nan     0.1000    0.0632
     4        1.8107             nan     0.1000    0.0570
     5        1.7556             nan     0.1000    0.0472
     6        1.7084             nan     0.1000    0.0334
     7        1.6728             nan     0.1000    0.0381
     8        1.6321             nan     0.1000    0.0376
     9        1.5935             nan     0.1000    0.0300
    10        1.5565             nan     0.1000    0.0201
    20        1.2899             nan     0.1000    0.0138
    40        0.9665             nan     0.1000    0.0083
    60        0.7638             nan     0.1000   -0.0004
    80        0.6176             nan     0.1000   -0.0009
   100        0.5077             nan     0.1000   -0.0006
   120        0.4179             nan     0.1000    0.0000
   140        0.3482             nan     0.1000   -0.0033
   150        0.3161             nan     0.1000   -0.0027

Iter   TrainDeviance   ValidDeviance   StepSize   Improve
     1        2.0794             nan     0.1000    0.0483
     2        2.0418             nan     0.1000    0.0413
     3        2.0090             nan     0.1000    0.0427
     4        1.9799             nan     0.1000    0.0299
     5        1.9552             nan     0.1000    0.0280
     6        1.9318             nan     0.1000    0.0203
     7        1.9118             nan     0.1000    0.0171
     8        1.8953             nan     0.1000    0.0178
     9        1.8786             nan     0.1000    0.0175
    10        1.8622             nan     0.1000    0.0108
    20        1.7423             nan     0.1000    0.0035
    40        1.5913             nan     0.1000   -0.0033
    60        1.4817             nan     0.1000   -0.0032
    80        1.3961             nan     0.1000   -0.0027
   100        1.3218             nan     0.1000   -0.0013
   120        1.2585             nan     0.1000   -0.0036
   140        1.2025             nan     0.1000   -0.0048
   150        1.1785             nan     0.1000   -0.0021

Iter   TrainDeviance   ValidDeviance   StepSize   Improve
     1        2.0794             nan     0.1000    0.0870
     2        2.0043             nan     0.1000    0.0814
     3        1.9428             nan     0.1000    0.0622
     4        1.8928             nan     0.1000    0.0541
     5        1.8520             nan     0.1000    0.0399
     6        1.8132             nan     0.1000    0.0506
     7        1.7739             nan     0.1000    0.0280
     8        1.7435             nan     0.1000    0.0461
     9        1.7060             nan     0.1000    0.0293
    10        1.6791             nan     0.1000    0.0200
    20        1.4851             nan     0.1000    0.0170
    40        1.2184             nan     0.1000   -0.0026
    60        1.0368             nan     0.1000   -0.0031
    80        0.9013             nan     0.1000    0.0024
   100        0.7841             nan     0.1000   -0.0020
   120        0.6976             nan     0.1000   -0.0031
   140        0.6202             nan     0.1000    0.0003
   150        0.5842             nan     0.1000   -0.0032

Iter   TrainDeviance   ValidDeviance   StepSize   Improve
     1        2.0794             nan     0.1000    0.1577
     2        1.9667             nan     0.1000    0.0939
     3        1.8899             nan     0.1000    0.0776
     4        1.8245             nan     0.1000    0.0694
     5        1.7648             nan     0.1000    0.0536
     6        1.7190             nan     0.1000    0.0513
     7        1.6731             nan     0.1000    0.0316
     8        1.6386             nan     0.1000    0.0387
     9        1.5996             nan     0.1000    0.0354
    10        1.5655             nan     0.1000    0.0324
    20        1.3204             nan     0.1000    0.0069
    40        1.0135             nan     0.1000   -0.0014
    60        0.8070             nan     0.1000   -0.0018
    80        0.6574             nan     0.1000   -0.0037
   100        0.5423             nan     0.1000   -0.0047
   120        0.4541             nan     0.1000   -0.0021
   140        0.3814             nan     0.1000   -0.0024
   150        0.3500             nan     0.1000   -0.0011

Iter   TrainDeviance   ValidDeviance   StepSize   Improve
     1        2.0794             nan     0.1000    0.0730
     2        2.0347             nan     0.1000    0.0562
     3        1.9979             nan     0.1000    0.0339
     4        1.9705             nan     0.1000    0.0329
     5        1.9436             nan     0.1000    0.0311
     6        1.9196             nan     0.1000    0.0244
     7        1.8981             nan     0.1000    0.0266
     8        1.8777             nan     0.1000    0.0231
     9        1.8592             nan     0.1000    0.0162
    10        1.8434             nan     0.1000    0.0202
    20        1.7183             nan     0.1000    0.0030
    40        1.5656             nan     0.1000    0.0005
    60        1.4555             nan     0.1000   -0.0019
    80        1.3718             nan     0.1000   -0.0035
   100        1.3027             nan     0.1000   -0.0025
   120        1.2422             nan     0.1000   -0.0039
   140        1.1885             nan     0.1000   -0.0050
   150        1.1635             nan     0.1000   -0.0038

Iter   TrainDeviance   ValidDeviance   StepSize   Improve
     1        2.0794             nan     0.1000    0.1030
     2        2.0046             nan     0.1000    0.0903
     3        1.9404             nan     0.1000    0.0756
     4        1.8847             nan     0.1000    0.0510
     5        1.8392             nan     0.1000    0.0719
     6        1.7931             nan     0.1000    0.0497
     7        1.7530             nan     0.1000    0.0260
     8        1.7206             nan     0.1000    0.0334
     9        1.6913             nan     0.1000    0.0188
    10        1.6659             nan     0.1000    0.0244
    20        1.4559             nan     0.1000    0.0138
    40        1.2072             nan     0.1000    0.0026
    60        1.0341             nan     0.1000    0.0016
    80        0.8932             nan     0.1000   -0.0038
   100        0.7827             nan     0.1000   -0.0034
   120        0.6880             nan     0.1000   -0.0009
   140        0.6082             nan     0.1000   -0.0026
   150        0.5746             nan     0.1000   -0.0024

Iter   TrainDeviance   ValidDeviance   StepSize   Improve
     1        2.0794             nan     0.1000    0.1223
     2        1.9774             nan     0.1000    0.1073
     3        1.8910             nan     0.1000    0.0805
     4        1.8235             nan     0.1000    0.0627
     5        1.7680             nan     0.1000    0.0638
     6        1.7172             nan     0.1000    0.0425
     7        1.6733             nan     0.1000    0.0445
     8        1.6288             nan     0.1000    0.0383
     9        1.5913             nan     0.1000    0.0407
    10        1.5540             nan     0.1000    0.0200
    20        1.3075             nan     0.1000    0.0098
    40        0.9897             nan     0.1000   -0.0004
    60        0.7874             nan     0.1000    0.0060
    80        0.6392             nan     0.1000   -0.0009
   100        0.5217             nan     0.1000   -0.0024
   120        0.4298             nan     0.1000   -0.0010
   140        0.3533             nan     0.1000   -0.0011
   150        0.3242             nan     0.1000   -0.0027

Iter   TrainDeviance   ValidDeviance   StepSize   Improve
     1        2.0794             nan     0.1000    0.0674
     2        2.0339             nan     0.1000    0.0435
     3        2.0025             nan     0.1000    0.0363
     4        1.9737             nan     0.1000    0.0316
     5        1.9504             nan     0.1000    0.0261
     6        1.9278             nan     0.1000    0.0332
     7        1.9032             nan     0.1000    0.0142
     8        1.8883             nan     0.1000    0.0198
     9        1.8703             nan     0.1000    0.0181
    10        1.8547             nan     0.1000    0.0089
    20        1.7364             nan     0.1000    0.0043
    40        1.5767             nan     0.1000    0.0044
    60        1.4651             nan     0.1000    0.0030
    80        1.3721             nan     0.1000   -0.0030
   100        1.2950             nan     0.1000   -0.0029
   120        1.2318             nan     0.1000   -0.0026
   140        1.1760             nan     0.1000   -0.0014
   150        1.1517             nan     0.1000   -0.0023

Iter   TrainDeviance   ValidDeviance   StepSize   Improve
     1        2.0794             nan     0.1000    0.1166
     2        1.9990             nan     0.1000    0.0753
     3        1.9451             nan     0.1000    0.0612
     4        1.8971             nan     0.1000    0.0516
     5        1.8559             nan     0.1000    0.0422
     6        1.8202             nan     0.1000    0.0362
     7        1.7857             nan     0.1000    0.0448
     8        1.7473             nan     0.1000    0.0300
     9        1.7170             nan     0.1000    0.0232
    10        1.6924             nan     0.1000    0.0138
    20        1.4802             nan     0.1000    0.0117
    40        1.2122             nan     0.1000    0.0004
    60        1.0325             nan     0.1000    0.0002
    80        0.8911             nan     0.1000   -0.0016
   100        0.7817             nan     0.1000   -0.0015
   120        0.6879             nan     0.1000   -0.0024
   140        0.6095             nan     0.1000   -0.0025
   150        0.5752             nan     0.1000   -0.0049

Iter   TrainDeviance   ValidDeviance   StepSize   Improve
     1        2.0794             nan     0.1000    0.1258
     2        1.9776             nan     0.1000    0.0928
     3        1.9038             nan     0.1000    0.0925
     4        1.8312             nan     0.1000    0.0513
     5        1.7770             nan     0.1000    0.0658
     6        1.7253             nan     0.1000    0.0461
     7        1.6795             nan     0.1000    0.0458
     8        1.6330             nan     0.1000    0.0395
     9        1.5969             nan     0.1000    0.0387
    10        1.5628             nan     0.1000    0.0256
    20        1.3048             nan     0.1000    0.0178
    40        0.9922             nan     0.1000    0.0039
    60        0.7863             nan     0.1000    0.0011
    80        0.6362             nan     0.1000    0.0007
   100        0.5188             nan     0.1000   -0.0018
   120        0.4272             nan     0.1000   -0.0013
   140        0.3536             nan     0.1000   -0.0017
   150        0.3222             nan     0.1000   -0.0026

Iter   TrainDeviance   ValidDeviance   StepSize   Improve
     1        2.0794             nan     0.1000    0.0600
     2        2.0385             nan     0.1000    0.0568
     3        2.0028             nan     0.1000    0.0350
     4        1.9762             nan     0.1000    0.0367
     5        1.9505             nan     0.1000    0.0226
     6        1.9278             nan     0.1000    0.0207
     7        1.9089             nan     0.1000    0.0176
     8        1.8902             nan     0.1000    0.0142
     9        1.8735             nan     0.1000    0.0111
    10        1.8588             nan     0.1000    0.0131
    20        1.7493             nan     0.1000    0.0076
    40        1.5927             nan     0.1000    0.0037
    60        1.4803             nan     0.1000   -0.0011
    80        1.3932             nan     0.1000   -0.0010
   100        1.3154             nan     0.1000   -0.0038
   120        1.2541             nan     0.1000   -0.0041
   140        1.1964             nan     0.1000   -0.0022
   150        1.1682             nan     0.1000   -0.0030

Iter   TrainDeviance   ValidDeviance   StepSize   Improve
     1        2.0794             nan     0.1000    0.1022
     2        2.0056             nan     0.1000    0.0639
     3        1.9487             nan     0.1000    0.0556
     4        1.9013             nan     0.1000    0.0506
     5        1.8565             nan     0.1000    0.0493
     6        1.8183             nan     0.1000    0.0377
     7        1.7796             nan     0.1000    0.0283
     8        1.7453             nan     0.1000    0.0348
     9        1.7170             nan     0.1000    0.0341
    10        1.6845             nan     0.1000    0.0288
    20        1.4810             nan     0.1000    0.0086
    40        1.2209             nan     0.1000    0.0008
    60        1.0398             nan     0.1000    0.0001
    80        0.9029             nan     0.1000   -0.0015
   100        0.7887             nan     0.1000   -0.0017
   120        0.7006             nan     0.1000   -0.0034
   140        0.6189             nan     0.1000   -0.0018
   150        0.5833             nan     0.1000    0.0005

Iter   TrainDeviance   ValidDeviance   StepSize   Improve
     1        2.0794             nan     0.1000    0.1230
     2        1.9784             nan     0.1000    0.0988
     3        1.8934             nan     0.1000    0.0925
     4        1.8249             nan     0.1000    0.0605
     5        1.7743             nan     0.1000    0.0520
     6        1.7278             nan     0.1000    0.0462
     7        1.6845             nan     0.1000    0.0488
     8        1.6434             nan     0.1000    0.0167
     9        1.6104             nan     0.1000    0.0286
    10        1.5777             nan     0.1000    0.0310
    20        1.3135             nan     0.1000    0.0130
    40        1.0017             nan     0.1000    0.0055
    60        0.8024             nan     0.1000   -0.0045
    80        0.6518             nan     0.1000   -0.0006
   100        0.5368             nan     0.1000    0.0005
   120        0.4442             nan     0.1000   -0.0014
   140        0.3711             nan     0.1000   -0.0017
   150        0.3387             nan     0.1000   -0.0033

Iter   TrainDeviance   ValidDeviance   StepSize   Improve
     1        2.0794             nan     0.1000    0.0580
     2        2.0375             nan     0.1000    0.0399
     3        2.0043             nan     0.1000    0.0361
     4        1.9753             nan     0.1000    0.0335
     5        1.9488             nan     0.1000    0.0221
     6        1.9261             nan     0.1000    0.0226
     7        1.9055             nan     0.1000    0.0274
     8        1.8814             nan     0.1000    0.0205
     9        1.8633             nan     0.1000    0.0130
    10        1.8492             nan     0.1000    0.0206
    20        1.7281             nan     0.1000    0.0059
    40        1.5702             nan     0.1000   -0.0008
    60        1.4669             nan     0.1000   -0.0020
    80        1.3794             nan     0.1000   -0.0002
   100        1.3070             nan     0.1000   -0.0058
   120        1.2459             nan     0.1000   -0.0028
   140        1.1904             nan     0.1000   -0.0053
   150        1.1646             nan     0.1000   -0.0032

Iter   TrainDeviance   ValidDeviance   StepSize   Improve
     1        2.0794             nan     0.1000    0.0887
     2        2.0025             nan     0.1000    0.0827
     3        1.9424             nan     0.1000    0.0653
     4        1.8914             nan     0.1000    0.0584
     5        1.8451             nan     0.1000    0.0445
     6        1.8088             nan     0.1000    0.0316
     7        1.7736             nan     0.1000    0.0417
     8        1.7381             nan     0.1000    0.0376
     9        1.7069             nan     0.1000    0.0255
    10        1.6812             nan     0.1000    0.0256
    20        1.4781             nan     0.1000    0.0089
    40        1.2211             nan     0.1000    0.0033
    60        1.0335             nan     0.1000    0.0021
    80        0.8953             nan     0.1000   -0.0028
   100        0.7842             nan     0.1000   -0.0003
   120        0.6982             nan     0.1000   -0.0018
   140        0.6215             nan     0.1000   -0.0026
   150        0.5877             nan     0.1000   -0.0022

Iter   TrainDeviance   ValidDeviance   StepSize   Improve
     1        2.0794             nan     0.1000    0.1555
     2        1.9774             nan     0.1000    0.1027
     3        1.8956             nan     0.1000    0.0815
     4        1.8262             nan     0.1000    0.0729
     5        1.7709             nan     0.1000    0.0485
     6        1.7235             nan     0.1000    0.0501
     7        1.6743             nan     0.1000    0.0434
     8        1.6370             nan     0.1000    0.0355
     9        1.5980             nan     0.1000    0.0321
    10        1.5663             nan     0.1000    0.0426
    20        1.3028             nan     0.1000    0.0139
    40        0.9967             nan     0.1000    0.0025
    60        0.8009             nan     0.1000   -0.0029
    80        0.6500             nan     0.1000   -0.0008
   100        0.5349             nan     0.1000   -0.0031
   120        0.4461             nan     0.1000   -0.0013
   140        0.3706             nan     0.1000   -0.0004
   150        0.3379             nan     0.1000   -0.0011

Iter   TrainDeviance   ValidDeviance   StepSize   Improve
     1        2.0794             nan     0.1000    0.0616
     2        2.0336             nan     0.1000    0.0627
     3        1.9910             nan     0.1000    0.0458
     4        1.9581             nan     0.1000    0.0348
     5        1.9304             nan     0.1000    0.0298
     6        1.9076             nan     0.1000    0.0268
     7        1.8881             nan     0.1000    0.0166
     8        1.8690             nan     0.1000    0.0158
     9        1.8511             nan     0.1000    0.0205
    10        1.8344             nan     0.1000    0.0156
    20        1.7053             nan     0.1000    0.0035
    40        1.5500             nan     0.1000    0.0009
    60        1.4420             nan     0.1000   -0.0012
    80        1.3536             nan     0.1000   -0.0032
   100        1.2818             nan     0.1000   -0.0031
   120        1.2183             nan     0.1000   -0.0028
   140        1.1633             nan     0.1000   -0.0054
   150        1.1391             nan     0.1000   -0.0046

Iter   TrainDeviance   ValidDeviance   StepSize   Improve
     1        2.0794             nan     0.1000    0.1252
     2        1.9970             nan     0.1000    0.1071
     3        1.9241             nan     0.1000    0.0860
     4        1.8669             nan     0.1000    0.0538
     5        1.8192             nan     0.1000    0.0531
     6        1.7763             nan     0.1000    0.0421
     7        1.7393             nan     0.1000    0.0355
     8        1.7074             nan     0.1000    0.0213
     9        1.6789             nan     0.1000    0.0341
    10        1.6475             nan     0.1000    0.0310
    20        1.4426             nan     0.1000    0.0131
    40        1.1972             nan     0.1000    0.0001
    60        1.0219             nan     0.1000    0.0010
    80        0.8857             nan     0.1000    0.0010
   100        0.7878             nan     0.1000   -0.0006
   120        0.6959             nan     0.1000   -0.0028
   140        0.6197             nan     0.1000   -0.0038
   150        0.5824             nan     0.1000   -0.0030

Iter   TrainDeviance   ValidDeviance   StepSize   Improve
     1        2.0794             nan     0.1000    0.1672
     2        1.9633             nan     0.1000    0.1170
     3        1.8715             nan     0.1000    0.1022
     4        1.7991             nan     0.1000    0.0736
     5        1.7389             nan     0.1000    0.0618
     6        1.6866             nan     0.1000    0.0552
     7        1.6409             nan     0.1000    0.0544
     8        1.5961             nan     0.1000    0.0335
     9        1.5635             nan     0.1000    0.0269
    10        1.5278             nan     0.1000    0.0293
    20        1.2881             nan     0.1000    0.0174
    40        0.9831             nan     0.1000    0.0014
    60        0.7835             nan     0.1000   -0.0030
    80        0.6379             nan     0.1000   -0.0044
   100        0.5244             nan     0.1000   -0.0024
   120        0.4348             nan     0.1000   -0.0033
   140        0.3631             nan     0.1000   -0.0028
   150        0.3333             nan     0.1000   -0.0021

Iter   TrainDeviance   ValidDeviance   StepSize   Improve
     1        2.0794             nan     0.1000    0.0586
     2        2.0390             nan     0.1000    0.0444
     3        2.0053             nan     0.1000    0.0496
     4        1.9728             nan     0.1000    0.0271
     5        1.9455             nan     0.1000    0.0386
     6        1.9202             nan     0.1000    0.0277
     7        1.8987             nan     0.1000    0.0223
     8        1.8802             nan     0.1000    0.0137
     9        1.8636             nan     0.1000    0.0202
    10        1.8482             nan     0.1000    0.0119
    20        1.7308             nan     0.1000    0.0079
    40        1.5725             nan     0.1000    0.0037
    60        1.4640             nan     0.1000   -0.0005
    80        1.3789             nan     0.1000   -0.0009
   100        1.3084             nan     0.1000   -0.0030
   120        1.2489             nan     0.1000   -0.0053
   140        1.1990             nan     0.1000   -0.0049
   150        1.1740             nan     0.1000   -0.0048

Iter   TrainDeviance   ValidDeviance   StepSize   Improve
     1        2.0794             nan     0.1000    0.1091
     2        2.0020             nan     0.1000    0.0791
     3        1.9454             nan     0.1000    0.0818
     4        1.8902             nan     0.1000    0.0483
     5        1.8485             nan     0.1000    0.0429
     6        1.8128             nan     0.1000    0.0483
     7        1.7720             nan     0.1000    0.0398
     8        1.7373             nan     0.1000    0.0303
     9        1.7077             nan     0.1000    0.0236
    10        1.6825             nan     0.1000    0.0245
    20        1.4752             nan     0.1000    0.0144
    40        1.2289             nan     0.1000   -0.0004
    60        1.0592             nan     0.1000   -0.0016
    80        0.9197             nan     0.1000   -0.0062
   100        0.8121             nan     0.1000   -0.0024
   120        0.7230             nan     0.1000   -0.0037
   140        0.6388             nan     0.1000   -0.0021
   150        0.6033             nan     0.1000   -0.0052

Iter   TrainDeviance   ValidDeviance   StepSize   Improve
     1        2.0794             nan     0.1000    0.1036
     2        1.9796             nan     0.1000    0.1194
     3        1.8962             nan     0.1000    0.0953
     4        1.8226             nan     0.1000    0.0709
     5        1.7629             nan     0.1000    0.0635
     6        1.7110             nan     0.1000    0.0307
     7        1.6715             nan     0.1000    0.0433
     8        1.6294             nan     0.1000    0.0444
     9        1.5909             nan     0.1000    0.0309
    10        1.5545             nan     0.1000    0.0302
    20        1.3035             nan     0.1000    0.0045
    40        1.0147             nan     0.1000    0.0025
    60        0.8216             nan     0.1000    0.0013
    80        0.6666             nan     0.1000    0.0005
   100        0.5529             nan     0.1000   -0.0007
   120        0.4585             nan     0.1000   -0.0024
   140        0.3825             nan     0.1000   -0.0026
   150        0.3479             nan     0.1000   -0.0035

Iter   TrainDeviance   ValidDeviance   StepSize   Improve
     1        2.0794             nan     0.1000    0.0621
     2        2.0340             nan     0.1000    0.0487
     3        1.9970             nan     0.1000    0.0432
     4        1.9668             nan     0.1000    0.0361
     5        1.9378             nan     0.1000    0.0319
     6        1.9128             nan     0.1000    0.0321
     7        1.8867             nan     0.1000    0.0220
     8        1.8674             nan     0.1000    0.0184
     9        1.8500             nan     0.1000    0.0082
    10        1.8363             nan     0.1000    0.0258
    20        1.7057             nan     0.1000    0.0067
    40        1.5525             nan     0.1000   -0.0013
    60        1.4417             nan     0.1000   -0.0011
    80        1.3511             nan     0.1000   -0.0007
   100        1.2769             nan     0.1000   -0.0015
   120        1.2108             nan     0.1000   -0.0054
   140        1.1572             nan     0.1000   -0.0044
   150        1.1291             nan     0.1000   -0.0039

Iter   TrainDeviance   ValidDeviance   StepSize   Improve
     1        2.0794             nan     0.1000    0.1218
     2        1.9917             nan     0.1000    0.0919
     3        1.9290             nan     0.1000    0.0717
     4        1.8711             nan     0.1000    0.0561
     5        1.8279             nan     0.1000    0.0560
     6        1.7815             nan     0.1000    0.0507
     7        1.7423             nan     0.1000    0.0406
     8        1.7055             nan     0.1000    0.0290
     9        1.6782             nan     0.1000    0.0255
    10        1.6525             nan     0.1000    0.0287
    20        1.4464             nan     0.1000    0.0100
    40        1.1901             nan     0.1000    0.0027
    60        1.0182             nan     0.1000   -0.0015
    80        0.8830             nan     0.1000   -0.0030
   100        0.7714             nan     0.1000   -0.0015
   120        0.6800             nan     0.1000   -0.0016
   140        0.6035             nan     0.1000   -0.0044
   150        0.5663             nan     0.1000   -0.0031

Iter   TrainDeviance   ValidDeviance   StepSize   Improve
     1        2.0794             nan     0.1000    0.1300
     2        1.9715             nan     0.1000    0.1131
     3        1.8838             nan     0.1000    0.0973
     4        1.8111             nan     0.1000    0.0593
     5        1.7552             nan     0.1000    0.0488
     6        1.7064             nan     0.1000    0.0555
     7        1.6560             nan     0.1000    0.0528
     8        1.6089             nan     0.1000    0.0279
     9        1.5732             nan     0.1000    0.0393
    10        1.5352             nan     0.1000    0.0327
    20        1.2840             nan     0.1000    0.0138
    40        0.9743             nan     0.1000    0.0042
    60        0.7695             nan     0.1000   -0.0011
    80        0.6245             nan     0.1000   -0.0015
   100        0.5078             nan     0.1000   -0.0028
   120        0.4207             nan     0.1000   -0.0015
   140        0.3484             nan     0.1000   -0.0018
   150        0.3182             nan     0.1000    0.0008

Iter   TrainDeviance   ValidDeviance   StepSize   Improve
     1        2.0794             nan     0.1000    0.0597
     2        2.0368             nan     0.1000    0.0506
     3        2.0019             nan     0.1000    0.0311
     4        1.9742             nan     0.1000    0.0362
     5        1.9476             nan     0.1000    0.0365
     6        1.9203             nan     0.1000    0.0198
     7        1.9002             nan     0.1000    0.0190
     8        1.8820             nan     0.1000    0.0182
     9        1.8654             nan     0.1000    0.0159
    10        1.8505             nan     0.1000    0.0130
    20        1.7226             nan     0.1000    0.0073
    40        1.5643             nan     0.1000    0.0001
    60        1.4519             nan     0.1000    0.0007
    80        1.3594             nan     0.1000   -0.0046
   100        1.2858             nan     0.1000   -0.0003
   120        1.2236             nan     0.1000   -0.0028
   140        1.1687             nan     0.1000   -0.0030
   150        1.1414             nan     0.1000   -0.0040

Iter   TrainDeviance   ValidDeviance   StepSize   Improve
     1        2.0794             nan     0.1000    0.1332
     2        1.9916             nan     0.1000    0.0809
     3        1.9312             nan     0.1000    0.0635
     4        1.8789             nan     0.1000    0.0594
     5        1.8338             nan     0.1000    0.0501
     6        1.7949             nan     0.1000    0.0321
     7        1.7620             nan     0.1000    0.0346
     8        1.7304             nan     0.1000    0.0331
     9        1.6976             nan     0.1000    0.0230
    10        1.6710             nan     0.1000    0.0336
    20        1.4558             nan     0.1000    0.0127
    40        1.2011             nan     0.1000    0.0028
    60        1.0329             nan     0.1000   -0.0034
    80        0.8986             nan     0.1000    0.0002
   100        0.7873             nan     0.1000   -0.0025
   120        0.6921             nan     0.1000   -0.0034
   140        0.6155             nan     0.1000   -0.0026
   150        0.5814             nan     0.1000   -0.0036

Iter   TrainDeviance   ValidDeviance   StepSize   Improve
     1        2.0794             nan     0.1000    0.1512
     2        1.9737             nan     0.1000    0.1206
     3        1.8893             nan     0.1000    0.0873
     4        1.8242             nan     0.1000    0.0830
     5        1.7638             nan     0.1000    0.0668
     6        1.7140             nan     0.1000    0.0495
     7        1.6716             nan     0.1000    0.0528
     8        1.6257             nan     0.1000    0.0415
     9        1.5872             nan     0.1000    0.0327
    10        1.5526             nan     0.1000    0.0345
    20        1.2987             nan     0.1000    0.0074
    40        1.0016             nan     0.1000    0.0020
    60        0.7954             nan     0.1000   -0.0032
    80        0.6491             nan     0.1000   -0.0003
   100        0.5345             nan     0.1000   -0.0001
   120        0.4393             nan     0.1000   -0.0030
   140        0.3645             nan     0.1000   -0.0010
   150        0.3309             nan     0.1000   -0.0030

Iter   TrainDeviance   ValidDeviance   StepSize   Improve
     1        2.0794             nan     0.1000    0.0586
     2        2.0352             nan     0.1000    0.0448
     3        2.0039             nan     0.1000    0.0391
     4        1.9744             nan     0.1000    0.0352
     5        1.9497             nan     0.1000    0.0252
     6        1.9298             nan     0.1000    0.0215
     7        1.9114             nan     0.1000    0.0142
     8        1.8952             nan     0.1000    0.0147
     9        1.8792             nan     0.1000    0.0100
    10        1.8654             nan     0.1000    0.0038
    20        1.7501             nan     0.1000    0.0012
    40        1.5941             nan     0.1000   -0.0000
    60        1.4848             nan     0.1000    0.0004
    80        1.4007             nan     0.1000   -0.0024
   100        1.3321             nan     0.1000   -0.0025
   120        1.2663             nan     0.1000   -0.0031
   140        1.2108             nan     0.1000   -0.0055
   150        1.1840             nan     0.1000   -0.0044

Iter   TrainDeviance   ValidDeviance   StepSize   Improve
     1        2.0794             nan     0.1000    0.0840
     2        2.0100             nan     0.1000    0.0883
     3        1.9504             nan     0.1000    0.0672
     4        1.8999             nan     0.1000    0.0513
     5        1.8584             nan     0.1000    0.0410
     6        1.8248             nan     0.1000    0.0371
     7        1.7913             nan     0.1000    0.0334
     8        1.7570             nan     0.1000    0.0256
     9        1.7304             nan     0.1000    0.0259
    10        1.7029             nan     0.1000    0.0207
    20        1.4964             nan     0.1000    0.0091
    40        1.2300             nan     0.1000    0.0003
    60        1.0511             nan     0.1000    0.0004
    80        0.9147             nan     0.1000   -0.0008
   100        0.8009             nan     0.1000   -0.0013
   120        0.7052             nan     0.1000   -0.0041
   140        0.6228             nan     0.1000   -0.0011
   150        0.5864             nan     0.1000   -0.0029

Iter   TrainDeviance   ValidDeviance   StepSize   Improve
     1        2.0794             nan     0.1000    0.1272
     2        1.9873             nan     0.1000    0.0953
     3        1.9031             nan     0.1000    0.0787
     4        1.8383             nan     0.1000    0.0684
     5        1.7830             nan     0.1000    0.0476
     6        1.7346             nan     0.1000    0.0425
     7        1.6910             nan     0.1000    0.0357
     8        1.6491             nan     0.1000    0.0387
     9        1.6127             nan     0.1000    0.0324
    10        1.5793             nan     0.1000    0.0363
    20        1.3150             nan     0.1000    0.0085
    40        1.0072             nan     0.1000   -0.0009
    60        0.8032             nan     0.1000    0.0000
    80        0.6572             nan     0.1000   -0.0036
   100        0.5475             nan     0.1000   -0.0058
   120        0.4553             nan     0.1000   -0.0031
   140        0.3813             nan     0.1000   -0.0036
   150        0.3494             nan     0.1000   -0.0036

Iter   TrainDeviance   ValidDeviance   StepSize   Improve
     1        2.0794             nan     0.1000    0.0546
     2        2.0398             nan     0.1000    0.0470
     3        2.0073             nan     0.1000    0.0347
     4        1.9769             nan     0.1000    0.0169
     5        1.9564             nan     0.1000    0.0273
     6        1.9349             nan     0.1000    0.0220
     7        1.9136             nan     0.1000    0.0181
     8        1.8970             nan     0.1000    0.0191
     9        1.8804             nan     0.1000    0.0096
    10        1.8665             nan     0.1000    0.0156
    20        1.7496             nan     0.1000   -0.0002
    40        1.5964             nan     0.1000   -0.0010
    60        1.4811             nan     0.1000    0.0005
    80        1.3935             nan     0.1000   -0.0054
   100        1.3231             nan     0.1000   -0.0038
   120        1.2573             nan     0.1000   -0.0031
   140        1.2048             nan     0.1000   -0.0052
   150        1.1803             nan     0.1000   -0.0048

Iter   TrainDeviance   ValidDeviance   StepSize   Improve
     1        2.0794             nan     0.1000    0.0883
     2        2.0098             nan     0.1000    0.0612
     3        1.9534             nan     0.1000    0.0673
     4        1.9031             nan     0.1000    0.0478
     5        1.8596             nan     0.1000    0.0365
     6        1.8272             nan     0.1000    0.0360
     7        1.7943             nan     0.1000    0.0338
     8        1.7665             nan     0.1000    0.0419
     9        1.7320             nan     0.1000    0.0277
    10        1.7033             nan     0.1000    0.0229
    20        1.4971             nan     0.1000    0.0138
    40        1.2495             nan     0.1000   -0.0008
    60        1.0755             nan     0.1000    0.0019
    80        0.9313             nan     0.1000   -0.0024
   100        0.8265             nan     0.1000   -0.0027
   120        0.7252             nan     0.1000   -0.0009
   140        0.6449             nan     0.1000   -0.0026
   150        0.6096             nan     0.1000   -0.0014

Iter   TrainDeviance   ValidDeviance   StepSize   Improve
     1        2.0794             nan     0.1000    0.1279
     2        1.9779             nan     0.1000    0.1091
     3        1.8995             nan     0.1000    0.0637
     4        1.8455             nan     0.1000    0.0651
     5        1.7891             nan     0.1000    0.0335
     6        1.7533             nan     0.1000    0.0414
     7        1.7095             nan     0.1000    0.0420
     8        1.6682             nan     0.1000    0.0452
     9        1.6262             nan     0.1000    0.0372
    10        1.5898             nan     0.1000    0.0345
    20        1.3410             nan     0.1000    0.0074
    40        1.0302             nan     0.1000    0.0050
    60        0.8254             nan     0.1000   -0.0023
    80        0.6768             nan     0.1000   -0.0031
   100        0.5554             nan     0.1000   -0.0003
   120        0.4607             nan     0.1000   -0.0025
   140        0.3843             nan     0.1000   -0.0025
   150        0.3530             nan     0.1000   -0.0023

Iter   TrainDeviance   ValidDeviance   StepSize   Improve
     1        2.0794             nan     0.1000    0.0492
     2        2.0414             nan     0.1000    0.0623
     3        2.0008             nan     0.1000    0.0529
     4        1.9652             nan     0.1000    0.0382
     5        1.9384             nan     0.1000    0.0328
     6        1.9134             nan     0.1000    0.0210
     7        1.8924             nan     0.1000    0.0189
     8        1.8744             nan     0.1000    0.0182
     9        1.8589             nan     0.1000    0.0161
    10        1.8402             nan     0.1000    0.0122
    20        1.7180             nan     0.1000    0.0078
    40        1.5557             nan     0.1000    0.0052
    60        1.4425             nan     0.1000   -0.0031
    80        1.3510             nan     0.1000   -0.0046
   100        1.2764             nan     0.1000   -0.0034
   120        1.2152             nan     0.1000   -0.0039
   140        1.1575             nan     0.1000   -0.0035
   150        1.1315             nan     0.1000   -0.0011

Iter   TrainDeviance   ValidDeviance   StepSize   Improve
     1        2.0794             nan     0.1000    0.0976
     2        2.0035             nan     0.1000    0.0850
     3        1.9383             nan     0.1000    0.0720
     4        1.8852             nan     0.1000    0.0634
     5        1.8363             nan     0.1000    0.0633
     6        1.7910             nan     0.1000    0.0494
     7        1.7522             nan     0.1000    0.0444
     8        1.7186             nan     0.1000    0.0313
     9        1.6859             nan     0.1000    0.0198
    10        1.6611             nan     0.1000    0.0228
    20        1.4508             nan     0.1000    0.0106
    40        1.1948             nan     0.1000   -0.0019
    60        1.0108             nan     0.1000    0.0036
    80        0.8729             nan     0.1000    0.0007
   100        0.7653             nan     0.1000    0.0004
   120        0.6845             nan     0.1000   -0.0039
   140        0.6061             nan     0.1000   -0.0037
   150        0.5730             nan     0.1000   -0.0033

Iter   TrainDeviance   ValidDeviance   StepSize   Improve
     1        2.0794             nan     0.1000    0.1583
     2        1.9542             nan     0.1000    0.0999
     3        1.8743             nan     0.1000    0.0737
     4        1.8101             nan     0.1000    0.0791
     5        1.7461             nan     0.1000    0.0554
     6        1.6974             nan     0.1000    0.0510
     7        1.6497             nan     0.1000    0.0378
     8        1.6106             nan     0.1000    0.0367
     9        1.5723             nan     0.1000    0.0325
    10        1.5382             nan     0.1000    0.0194
    20        1.2875             nan     0.1000    0.0110
    40        0.9774             nan     0.1000    0.0005
    60        0.7680             nan     0.1000    0.0004
    80        0.6283             nan     0.1000    0.0007
   100        0.5217             nan     0.1000   -0.0034
   120        0.4346             nan     0.1000   -0.0033
   140        0.3602             nan     0.1000   -0.0023
   150        0.3301             nan     0.1000   -0.0025

Iter   TrainDeviance   ValidDeviance   StepSize   Improve
     1        2.0794             nan     0.1000    0.0533
     2        2.0372             nan     0.1000    0.0544
     3        2.0005             nan     0.1000    0.0380
     4        1.9703             nan     0.1000    0.0397
     5        1.9423             nan     0.1000    0.0269
     6        1.9205             nan     0.1000    0.0181
     7        1.9014             nan     0.1000    0.0166
     8        1.8831             nan     0.1000    0.0220
     9        1.8641             nan     0.1000    0.0148
    10        1.8491             nan     0.1000    0.0140
    20        1.7295             nan     0.1000    0.0053
    40        1.5733             nan     0.1000    0.0032
    60        1.4620             nan     0.1000   -0.0003
    80        1.3742             nan     0.1000   -0.0034
   100        1.3020             nan     0.1000   -0.0016
   120        1.2387             nan     0.1000   -0.0032
   140        1.1846             nan     0.1000   -0.0054
   150        1.1590             nan     0.1000   -0.0051

Iter   TrainDeviance   ValidDeviance   StepSize   Improve
     1        2.0794             nan     0.1000    0.1101
     2        2.0005             nan     0.1000    0.0860
     3        1.9397             nan     0.1000    0.0560
     4        1.8929             nan     0.1000    0.0470
     5        1.8528             nan     0.1000    0.0442
     6        1.8115             nan     0.1000    0.0235
     7        1.7805             nan     0.1000    0.0349
     8        1.7498             nan     0.1000    0.0230
     9        1.7207             nan     0.1000    0.0288
    10        1.6905             nan     0.1000    0.0268
    20        1.4953             nan     0.1000    0.0103
    40        1.2412             nan     0.1000    0.0058
    60        1.0488             nan     0.1000   -0.0022
    80        0.9105             nan     0.1000    0.0013
   100        0.7934             nan     0.1000   -0.0051
   120        0.7010             nan     0.1000   -0.0020
   140        0.6181             nan     0.1000   -0.0037
   150        0.5804             nan     0.1000   -0.0033

Iter   TrainDeviance   ValidDeviance   StepSize   Improve
     1        2.0794             nan     0.1000    0.1387
     2        1.9757             nan     0.1000    0.0922
     3        1.8974             nan     0.1000    0.0777
     4        1.8329             nan     0.1000    0.0705
     5        1.7725             nan     0.1000    0.0529
     6        1.7228             nan     0.1000    0.0510
     7        1.6775             nan     0.1000    0.0395
     8        1.6410             nan     0.1000    0.0422
     9        1.6024             nan     0.1000    0.0304
    10        1.5716             nan     0.1000    0.0175
    20        1.3144             nan     0.1000    0.0074
    40        1.0010             nan     0.1000    0.0059
    60        0.7935             nan     0.1000    0.0002
    80        0.6444             nan     0.1000   -0.0011
   100        0.5267             nan     0.1000   -0.0005
   120        0.4359             nan     0.1000   -0.0045
   140        0.3642             nan     0.1000   -0.0014
   150        0.3328             nan     0.1000   -0.0016

Iter   TrainDeviance   ValidDeviance   StepSize   Improve
     1        2.0794             nan     0.1000    0.0669
     2        2.0327             nan     0.1000    0.0463
     3        1.9982             nan     0.1000    0.0348
     4        1.9716             nan     0.1000    0.0276
     5        1.9506             nan     0.1000    0.0251
     6        1.9291             nan     0.1000    0.0174
     7        1.9113             nan     0.1000    0.0239
     8        1.8904             nan     0.1000    0.0238
     9        1.8713             nan     0.1000    0.0089
    10        1.8564             nan     0.1000    0.0149
    20        1.7335             nan     0.1000    0.0066
    40        1.5832             nan     0.1000    0.0011
    60        1.4744             nan     0.1000    0.0008
    80        1.3820             nan     0.1000   -0.0029
   100        1.3086             nan     0.1000   -0.0041
   120        1.2464             nan     0.1000   -0.0026
   140        1.1856             nan     0.1000   -0.0040
   150        1.1591             nan     0.1000   -0.0033

Iter   TrainDeviance   ValidDeviance   StepSize   Improve
     1        2.0794             nan     0.1000    0.1010
     2        2.0062             nan     0.1000    0.0589
     3        1.9550             nan     0.1000    0.0558
     4        1.9049             nan     0.1000    0.0559
     5        1.8636             nan     0.1000    0.0490
     6        1.8245             nan     0.1000    0.0355
     7        1.7843             nan     0.1000    0.0303
     8        1.7513             nan     0.1000    0.0327
     9        1.7180             nan     0.1000    0.0164
    10        1.6949             nan     0.1000    0.0325
    20        1.4909             nan     0.1000    0.0130
    40        1.2320             nan     0.1000   -0.0003
    60        1.0550             nan     0.1000   -0.0019
    80        0.9187             nan     0.1000    0.0014
   100        0.7960             nan     0.1000   -0.0017
   120        0.6977             nan     0.1000   -0.0038
   140        0.6147             nan     0.1000   -0.0031
   150        0.5775             nan     0.1000   -0.0010

Iter   TrainDeviance   ValidDeviance   StepSize   Improve
     1        2.0794             nan     0.1000    0.1365
     2        1.9798             nan     0.1000    0.1181
     3        1.8920             nan     0.1000    0.0854
     4        1.8220             nan     0.1000    0.0571
     5        1.7742             nan     0.1000    0.0578
     6        1.7231             nan     0.1000    0.0489
     7        1.6819             nan     0.1000    0.0462
     8        1.6432             nan     0.1000    0.0286
     9        1.6088             nan     0.1000    0.0298
    10        1.5744             nan     0.1000    0.0254
    20        1.3134             nan     0.1000    0.0096
    40        1.0041             nan     0.1000    0.0040
    60        0.7952             nan     0.1000    0.0033
    80        0.6434             nan     0.1000   -0.0014
   100        0.5237             nan     0.1000   -0.0048
   120        0.4299             nan     0.1000   -0.0017
   140        0.3572             nan     0.1000   -0.0025
   150        0.3267             nan     0.1000   -0.0001

Iter   TrainDeviance   ValidDeviance   StepSize   Improve
     1        2.0794             nan     0.1000    0.1258
     2        1.9860             nan     0.1000    0.0728
     3        1.9203             nan     0.1000    0.0583
     4        1.8675             nan     0.1000    0.0484
     5        1.8203             nan     0.1000    0.0422
     6        1.7786             nan     0.1000    0.0289
     7        1.7440             nan     0.1000    0.0305
     8        1.7092             nan     0.1000    0.0234
     9        1.6801             nan     0.1000    0.0189
    10        1.6516             nan     0.1000    0.0092
    20        1.4418             nan     0.1000   -0.0025
    40        1.1901             nan     0.1000   -0.0021
    60        0.9987             nan     0.1000   -0.0082
    80        0.8578             nan     0.1000   -0.0105
   100        0.7414             nan     0.1000   -0.0054
   120        0.6444             nan     0.1000   -0.0046
   140        0.5628             nan     0.1000   -0.0034
   150        0.5266             nan     0.1000   -0.0060

Model size:  22 
-------Evaluation
              y
y1             coast forest highway insidecity mountain opencountry street tallbuilding
  coast          176      1       1          2        1           1      0            1
  forest           1    138       2          0        3           2      0            1
  highway          4      0     140          0        4           2      0            3
  insidecity       2      1       1        144        1           2      1            3
  mountain         3      1       0          0      200           3      0            1
  opencountry      6      1       0          3        8         196      3            1
  street           0      1       0          0        2           0    134            0
  tallbuilding     2      3       1          3        2           2      2          187
[1] 0.06272274
              y
y1             coast forest highway insidecity mountain opencountry street tallbuilding
  coast           39      1       3          0        2           5      1            4
  forest           2     28       2          4        5           7      4           11
  highway         10      1      50          3        5           4      2            3
  insidecity       4      7       3         45        2           7      7            7
  mountain        12      9       0          2       57           6      2            7
  opencountry     12      7       3          5        9          50      7            5
  street           2      4       0          0        1           3     36            2
  tallbuilding     1      5       1          6       13           7      0           45
[1] 0.4137353
