-------Sliced
[1] 2000   51

       coast       forest      highway   insidecity     mountain  opencountry       street tallbuilding 
         274          247          197          227          259          326          213          257 
-------Splitting
Training coin:  0.7 
[1] 1403   51

       coast       forest      highway   insidecity     mountain  opencountry       street tallbuilding 
         192          173          138          159          182          229          150          180 
[1] 597  51

       coast       forest      highway   insidecity     mountain  opencountry       street tallbuilding 
          82           74           59           68           77           97           63           77 
-------Fitting
Iter   TrainDeviance   ValidDeviance   StepSize   Improve
     1        2.0794             nan     0.1000    0.1274
     2        1.9979             nan     0.1000    0.0922
     3        1.9358             nan     0.1000    0.0779
     4        1.8831             nan     0.1000    0.0568
     5        1.8377             nan     0.1000    0.0468
     6        1.7996             nan     0.1000    0.0407
     7        1.7671             nan     0.1000    0.0449
     8        1.7333             nan     0.1000    0.0344
     9        1.7053             nan     0.1000    0.0305
    10        1.6770             nan     0.1000    0.0367
    20        1.4882             nan     0.1000    0.0144
    40        1.2588             nan     0.1000    0.0070
    60        1.1163             nan     0.1000    0.0003
    80        1.0054             nan     0.1000   -0.0007
   100        0.9178             nan     0.1000   -0.0002
   120        0.8425             nan     0.1000   -0.0020
   140        0.7772             nan     0.1000   -0.0053
   150        0.7467             nan     0.1000   -0.0015

Iter   TrainDeviance   ValidDeviance   StepSize   Improve
     1        2.0794             nan     0.1000    0.2014
     2        1.9487             nan     0.1000    0.1568
     3        1.8410             nan     0.1000    0.1099
     4        1.7543             nan     0.1000    0.0909
     5        1.6907             nan     0.1000    0.0799
     6        1.6325             nan     0.1000    0.0723
     7        1.5765             nan     0.1000    0.0651
     8        1.5268             nan     0.1000    0.0488
     9        1.4882             nan     0.1000    0.0494
    10        1.4484             nan     0.1000    0.0456
    20        1.1709             nan     0.1000    0.0134
    40        0.8798             nan     0.1000    0.0028
    60        0.7025             nan     0.1000   -0.0015
    80        0.5688             nan     0.1000   -0.0002
   100        0.4648             nan     0.1000   -0.0013
   120        0.3870             nan     0.1000   -0.0014
   140        0.3239             nan     0.1000   -0.0039
   150        0.2984             nan     0.1000   -0.0023

Iter   TrainDeviance   ValidDeviance   StepSize   Improve
     1        2.0794             nan     0.1000    0.2418
     2        1.9092             nan     0.1000    0.1734
     3        1.7820             nan     0.1000    0.1427
     4        1.6832             nan     0.1000    0.1255
     5        1.5903             nan     0.1000    0.0882
     6        1.5207             nan     0.1000    0.0776
     7        1.4598             nan     0.1000    0.0577
     8        1.4094             nan     0.1000    0.0703
     9        1.3586             nan     0.1000    0.0622
    10        1.3059             nan     0.1000    0.0436
    20        1.0053             nan     0.1000    0.0152
    40        0.6806             nan     0.1000    0.0065
    60        0.4968             nan     0.1000    0.0006
    80        0.3706             nan     0.1000   -0.0015
   100        0.2811             nan     0.1000   -0.0009
   120        0.2148             nan     0.1000   -0.0007
   140        0.1647             nan     0.1000   -0.0014
   150        0.1449             nan     0.1000   -0.0009

Iter   TrainDeviance   ValidDeviance   StepSize   Improve
     1        2.0794             nan     0.1000    0.1370
     2        1.9951             nan     0.1000    0.1033
     3        1.9252             nan     0.1000    0.0907
     4        1.8658             nan     0.1000    0.0782
     5        1.8156             nan     0.1000    0.0639
     6        1.7734             nan     0.1000    0.0507
     7        1.7383             nan     0.1000    0.0476
     8        1.7016             nan     0.1000    0.0349
     9        1.6702             nan     0.1000    0.0343
    10        1.6457             nan     0.1000    0.0240
    20        1.4546             nan     0.1000    0.0113
    40        1.2314             nan     0.1000    0.0034
    60        1.0874             nan     0.1000    0.0009
    80        0.9751             nan     0.1000   -0.0009
   100        0.8900             nan     0.1000    0.0001
   120        0.8179             nan     0.1000   -0.0002
   140        0.7585             nan     0.1000   -0.0018
   150        0.7292             nan     0.1000   -0.0033

Iter   TrainDeviance   ValidDeviance   StepSize   Improve
     1        2.0794             nan     0.1000    0.2170
     2        1.9352             nan     0.1000    0.1730
     3        1.8240             nan     0.1000    0.1187
     4        1.7386             nan     0.1000    0.1112
     5        1.6629             nan     0.1000    0.0635
     6        1.6076             nan     0.1000    0.0836
     7        1.5483             nan     0.1000    0.0603
     8        1.4995             nan     0.1000    0.0636
     9        1.4510             nan     0.1000    0.0408
    10        1.4118             nan     0.1000    0.0353
    20        1.1521             nan     0.1000    0.0148
    40        0.8658             nan     0.1000    0.0019
    60        0.6873             nan     0.1000    0.0020
    80        0.5507             nan     0.1000   -0.0021
   100        0.4501             nan     0.1000   -0.0015
   120        0.3775             nan     0.1000   -0.0019
   140        0.3177             nan     0.1000   -0.0014
   150        0.2928             nan     0.1000   -0.0017

Iter   TrainDeviance   ValidDeviance   StepSize   Improve
     1        2.0794             nan     0.1000    0.2757
     2        1.8975             nan     0.1000    0.1968
     3        1.7560             nan     0.1000    0.1480
     4        1.6496             nan     0.1000    0.1166
     5        1.5679             nan     0.1000    0.0885
     6        1.4994             nan     0.1000    0.0806
     7        1.4368             nan     0.1000    0.0680
     8        1.3816             nan     0.1000    0.0574
     9        1.3318             nan     0.1000    0.0620
    10        1.2832             nan     0.1000    0.0405
    20        0.9790             nan     0.1000    0.0182
    40        0.6613             nan     0.1000    0.0050
    60        0.4728             nan     0.1000    0.0003
    80        0.3512             nan     0.1000   -0.0010
   100        0.2652             nan     0.1000   -0.0016
   120        0.2035             nan     0.1000   -0.0024
   140        0.1577             nan     0.1000   -0.0013
   150        0.1397             nan     0.1000   -0.0003

Iter   TrainDeviance   ValidDeviance   StepSize   Improve
     1        2.0794             nan     0.1000    0.1441
     2        1.9902             nan     0.1000    0.1055
     3        1.9185             nan     0.1000    0.0817
     4        1.8626             nan     0.1000    0.0640
     5        1.8181             nan     0.1000    0.0573
     6        1.7792             nan     0.1000    0.0528
     7        1.7410             nan     0.1000    0.0428
     8        1.7099             nan     0.1000    0.0370
     9        1.6785             nan     0.1000    0.0302
    10        1.6542             nan     0.1000    0.0274
    20        1.4522             nan     0.1000    0.0181
    40        1.2384             nan     0.1000    0.0030
    60        1.0956             nan     0.1000    0.0013
    80        0.9869             nan     0.1000    0.0003
   100        0.9022             nan     0.1000   -0.0030
   120        0.8295             nan     0.1000   -0.0014
   140        0.7633             nan     0.1000   -0.0012
   150        0.7357             nan     0.1000   -0.0016

Iter   TrainDeviance   ValidDeviance   StepSize   Improve
     1        2.0794             nan     0.1000    0.2289
     2        1.9285             nan     0.1000    0.1605
     3        1.8203             nan     0.1000    0.1147
     4        1.7311             nan     0.1000    0.1276
     5        1.6530             nan     0.1000    0.0814
     6        1.5927             nan     0.1000    0.0662
     7        1.5424             nan     0.1000    0.0606
     8        1.4933             nan     0.1000    0.0556
     9        1.4529             nan     0.1000    0.0522
    10        1.4124             nan     0.1000    0.0420
    20        1.1576             nan     0.1000    0.0170
    40        0.8744             nan     0.1000    0.0051
    60        0.6996             nan     0.1000   -0.0015
    80        0.5610             nan     0.1000   -0.0008
   100        0.4670             nan     0.1000    0.0011
   120        0.3899             nan     0.1000   -0.0005
   140        0.3271             nan     0.1000   -0.0017
   150        0.3004             nan     0.1000   -0.0030

Iter   TrainDeviance   ValidDeviance   StepSize   Improve
     1        2.0794             nan     0.1000    0.2725
     2        1.9000             nan     0.1000    0.2034
     3        1.7585             nan     0.1000    0.1512
     4        1.6545             nan     0.1000    0.1201
     5        1.5663             nan     0.1000    0.0793
     6        1.4993             nan     0.1000    0.0863
     7        1.4338             nan     0.1000    0.0732
     8        1.3732             nan     0.1000    0.0528
     9        1.3274             nan     0.1000    0.0474
    10        1.2826             nan     0.1000    0.0470
    20        0.9726             nan     0.1000    0.0086
    40        0.6624             nan     0.1000    0.0071
    60        0.4826             nan     0.1000    0.0005
    80        0.3628             nan     0.1000   -0.0002
   100        0.2796             nan     0.1000   -0.0011
   120        0.2137             nan     0.1000   -0.0008
   140        0.1642             nan     0.1000   -0.0007
   150        0.1444             nan     0.1000   -0.0003

Iter   TrainDeviance   ValidDeviance   StepSize   Improve
     1        2.0794             nan     0.1000    0.1136
     2        1.9962             nan     0.1000    0.1009
     3        1.9304             nan     0.1000    0.0797
     4        1.8822             nan     0.1000    0.0639
     5        1.8382             nan     0.1000    0.0556
     6        1.7996             nan     0.1000    0.0377
     7        1.7674             nan     0.1000    0.0339
     8        1.7383             nan     0.1000    0.0347
     9        1.7097             nan     0.1000    0.0289
    10        1.6861             nan     0.1000    0.0257
    20        1.4996             nan     0.1000    0.0135
    40        1.2651             nan     0.1000    0.0023
    60        1.1142             nan     0.1000    0.0003
    80        1.0010             nan     0.1000   -0.0018
   100        0.9140             nan     0.1000   -0.0015
   120        0.8386             nan     0.1000   -0.0025
   140        0.7732             nan     0.1000   -0.0023
   150        0.7456             nan     0.1000   -0.0035

Iter   TrainDeviance   ValidDeviance   StepSize   Improve
     1        2.0794             nan     0.1000    0.2148
     2        1.9401             nan     0.1000    0.1367
     3        1.8426             nan     0.1000    0.1274
     4        1.7546             nan     0.1000    0.0962
     5        1.6879             nan     0.1000    0.0814
     6        1.6293             nan     0.1000    0.0766
     7        1.5748             nan     0.1000    0.0502
     8        1.5286             nan     0.1000    0.0530
     9        1.4839             nan     0.1000    0.0357
    10        1.4515             nan     0.1000    0.0393
    20        1.1779             nan     0.1000    0.0099
    40        0.8767             nan     0.1000    0.0030
    60        0.6957             nan     0.1000   -0.0007
    80        0.5690             nan     0.1000    0.0019
   100        0.4699             nan     0.1000   -0.0030
   120        0.3904             nan     0.1000    0.0008
   140        0.3260             nan     0.1000   -0.0002
   150        0.2986             nan     0.1000   -0.0024

Iter   TrainDeviance   ValidDeviance   StepSize   Improve
     1        2.0794             nan     0.1000    0.2744
     2        1.8982             nan     0.1000    0.1646
     3        1.7769             nan     0.1000    0.1529
     4        1.6725             nan     0.1000    0.1314
     5        1.5819             nan     0.1000    0.0991
     6        1.5104             nan     0.1000    0.0686
     7        1.4538             nan     0.1000    0.0587
     8        1.4052             nan     0.1000    0.0495
     9        1.3583             nan     0.1000    0.0583
    10        1.3087             nan     0.1000    0.0420
    20        1.0133             nan     0.1000    0.0164
    40        0.6843             nan     0.1000    0.0069
    60        0.4886             nan     0.1000   -0.0006
    80        0.3633             nan     0.1000   -0.0007
   100        0.2744             nan     0.1000   -0.0025
   120        0.2116             nan     0.1000   -0.0012
   140        0.1636             nan     0.1000   -0.0003
   150        0.1448             nan     0.1000   -0.0004

Iter   TrainDeviance   ValidDeviance   StepSize   Improve
     1        2.0794             nan     0.1000    0.1204
     2        1.9975             nan     0.1000    0.0990
     3        1.9321             nan     0.1000    0.0871
     4        1.8779             nan     0.1000    0.0613
     5        1.8331             nan     0.1000    0.0470
     6        1.7959             nan     0.1000    0.0593
     7        1.7564             nan     0.1000    0.0404
     8        1.7266             nan     0.1000    0.0267
     9        1.7007             nan     0.1000    0.0214
    10        1.6781             nan     0.1000    0.0374
    20        1.4818             nan     0.1000    0.0080
    40        1.2614             nan     0.1000    0.0032
    60        1.1186             nan     0.1000   -0.0025
    80        1.0082             nan     0.1000    0.0002
   100        0.9211             nan     0.1000   -0.0020
   120        0.8458             nan     0.1000   -0.0008
   140        0.7775             nan     0.1000   -0.0046
   150        0.7504             nan     0.1000   -0.0034

Iter   TrainDeviance   ValidDeviance   StepSize   Improve
     1        2.0794             nan     0.1000    0.2323
     2        1.9333             nan     0.1000    0.1567
     3        1.8250             nan     0.1000    0.1045
     4        1.7473             nan     0.1000    0.1055
     5        1.6761             nan     0.1000    0.0788
     6        1.6159             nan     0.1000    0.0644
     7        1.5617             nan     0.1000    0.0631
     8        1.5098             nan     0.1000    0.0462
     9        1.4715             nan     0.1000    0.0509
    10        1.4316             nan     0.1000    0.0384
    20        1.1837             nan     0.1000    0.0090
    40        0.9011             nan     0.1000    0.0070
    60        0.7169             nan     0.1000   -0.0004
    80        0.5739             nan     0.1000   -0.0011
   100        0.4799             nan     0.1000   -0.0007
   120        0.3978             nan     0.1000   -0.0038
   140        0.3299             nan     0.1000   -0.0002
   150        0.3005             nan     0.1000   -0.0010

Iter   TrainDeviance   ValidDeviance   StepSize   Improve
     1        2.0794             nan     0.1000    0.2736
     2        1.8970             nan     0.1000    0.1839
     3        1.7694             nan     0.1000    0.1470
     4        1.6672             nan     0.1000    0.1163
     5        1.5827             nan     0.1000    0.1041
     6        1.5062             nan     0.1000    0.0730
     7        1.4474             nan     0.1000    0.0661
     8        1.3966             nan     0.1000    0.0627
     9        1.3410             nan     0.1000    0.0443
    10        1.2979             nan     0.1000    0.0586
    20        0.9986             nan     0.1000    0.0137
    40        0.6917             nan     0.1000    0.0024
    60        0.5023             nan     0.1000   -0.0006
    80        0.3815             nan     0.1000    0.0029
   100        0.2858             nan     0.1000   -0.0009
   120        0.2161             nan     0.1000   -0.0015
   140        0.1674             nan     0.1000   -0.0011
   150        0.1474             nan     0.1000   -0.0006

Iter   TrainDeviance   ValidDeviance   StepSize   Improve
     1        2.0794             nan     0.1000    0.1698
     2        1.9828             nan     0.1000    0.1179
     3        1.9141             nan     0.1000    0.0806
     4        1.8543             nan     0.1000    0.0728
     5        1.8039             nan     0.1000    0.0550
     6        1.7632             nan     0.1000    0.0466
     7        1.7264             nan     0.1000    0.0459
     8        1.6961             nan     0.1000    0.0336
     9        1.6690             nan     0.1000    0.0361
    10        1.6419             nan     0.1000    0.0287
    20        1.4599             nan     0.1000    0.0082
    40        1.2340             nan     0.1000    0.0046
    60        1.0877             nan     0.1000   -0.0012
    80        0.9798             nan     0.1000   -0.0025
   100        0.8904             nan     0.1000   -0.0018
   120        0.8170             nan     0.1000   -0.0022
   140        0.7489             nan     0.1000   -0.0026
   150        0.7185             nan     0.1000   -0.0021

Iter   TrainDeviance   ValidDeviance   StepSize   Improve
     1        2.0794             nan     0.1000    0.2472
     2        1.9148             nan     0.1000    0.1754
     3        1.8026             nan     0.1000    0.1289
     4        1.7116             nan     0.1000    0.0828
     5        1.6518             nan     0.1000    0.0692
     6        1.6015             nan     0.1000    0.0769
     7        1.5444             nan     0.1000    0.0547
     8        1.4988             nan     0.1000    0.0488
     9        1.4607             nan     0.1000    0.0487
    10        1.4203             nan     0.1000    0.0467
    20        1.1625             nan     0.1000    0.0198
    40        0.8711             nan     0.1000    0.0026
    60        0.6874             nan     0.1000    0.0020
    80        0.5546             nan     0.1000   -0.0009
   100        0.4559             nan     0.1000   -0.0012
   120        0.3748             nan     0.1000   -0.0006
   140        0.3142             nan     0.1000   -0.0010
   150        0.2863             nan     0.1000   -0.0009

Iter   TrainDeviance   ValidDeviance   StepSize   Improve
     1        2.0794             nan     0.1000    0.3240
     2        1.8795             nan     0.1000    0.1844
     3        1.7517             nan     0.1000    0.1537
     4        1.6480             nan     0.1000    0.1082
     5        1.5687             nan     0.1000    0.1022
     6        1.4957             nan     0.1000    0.0913
     7        1.4270             nan     0.1000    0.0605
     8        1.3808             nan     0.1000    0.0537
     9        1.3361             nan     0.1000    0.0459
    10        1.2966             nan     0.1000    0.0455
    20        1.0001             nan     0.1000    0.0147
    40        0.6691             nan     0.1000    0.0054
    60        0.4747             nan     0.1000    0.0016
    80        0.3504             nan     0.1000   -0.0016
   100        0.2615             nan     0.1000   -0.0015
   120        0.1983             nan     0.1000   -0.0002
   140        0.1495             nan     0.1000   -0.0015
   150        0.1317             nan     0.1000   -0.0008

Iter   TrainDeviance   ValidDeviance   StepSize   Improve
     1        2.0794             nan     0.1000    0.1402
     2        2.0005             nan     0.1000    0.0963
     3        1.9393             nan     0.1000    0.0655
     4        1.8906             nan     0.1000    0.0598
     5        1.8494             nan     0.1000    0.0545
     6        1.8106             nan     0.1000    0.0456
     7        1.7744             nan     0.1000    0.0424
     8        1.7433             nan     0.1000    0.0356
     9        1.7164             nan     0.1000    0.0295
    10        1.6896             nan     0.1000    0.0173
    20        1.4999             nan     0.1000    0.0131
    40        1.2710             nan     0.1000    0.0042
    60        1.1177             nan     0.1000   -0.0004
    80        1.0006             nan     0.1000   -0.0032
   100        0.9118             nan     0.1000   -0.0034
   120        0.8324             nan     0.1000   -0.0021
   140        0.7693             nan     0.1000   -0.0024
   150        0.7391             nan     0.1000   -0.0020

Iter   TrainDeviance   ValidDeviance   StepSize   Improve
     1        2.0794             nan     0.1000    0.1878
     2        1.9459             nan     0.1000    0.1551
     3        1.8515             nan     0.1000    0.1084
     4        1.7745             nan     0.1000    0.0976
     5        1.7015             nan     0.1000    0.0820
     6        1.6372             nan     0.1000    0.0619
     7        1.5865             nan     0.1000    0.0463
     8        1.5435             nan     0.1000    0.0466
     9        1.5002             nan     0.1000    0.0449
    10        1.4628             nan     0.1000    0.0510
    20        1.1871             nan     0.1000    0.0122
    40        0.8918             nan     0.1000    0.0078
    60        0.6985             nan     0.1000   -0.0003
    80        0.5685             nan     0.1000    0.0032
   100        0.4668             nan     0.1000   -0.0010
   120        0.3869             nan     0.1000   -0.0011
   140        0.3247             nan     0.1000   -0.0021
   150        0.2983             nan     0.1000   -0.0014

Iter   TrainDeviance   ValidDeviance   StepSize   Improve
     1        2.0794             nan     0.1000    0.2565
     2        1.9008             nan     0.1000    0.1717
     3        1.7811             nan     0.1000    0.1444
     4        1.6810             nan     0.1000    0.1059
     5        1.6005             nan     0.1000    0.1057
     6        1.5253             nan     0.1000    0.0831
     7        1.4611             nan     0.1000    0.0640
     8        1.4074             nan     0.1000    0.0562
     9        1.3588             nan     0.1000    0.0519
    10        1.3177             nan     0.1000    0.0414
    20        1.0157             nan     0.1000    0.0231
    40        0.6837             nan     0.1000    0.0028
    60        0.4946             nan     0.1000   -0.0007
    80        0.3645             nan     0.1000   -0.0004
   100        0.2723             nan     0.1000   -0.0008
   120        0.2072             nan     0.1000   -0.0007
   140        0.1598             nan     0.1000   -0.0014
   150        0.1413             nan     0.1000   -0.0005

Iter   TrainDeviance   ValidDeviance   StepSize   Improve
     1        2.0794             nan     0.1000    0.1279
     2        2.0012             nan     0.1000    0.1075
     3        1.9345             nan     0.1000    0.0807
     4        1.8796             nan     0.1000    0.0610
     5        1.8373             nan     0.1000    0.0481
     6        1.7983             nan     0.1000    0.0458
     7        1.7641             nan     0.1000    0.0435
     8        1.7303             nan     0.1000    0.0373
     9        1.6983             nan     0.1000    0.0319
    10        1.6700             nan     0.1000    0.0215
    20        1.4842             nan     0.1000    0.0095
    40        1.2600             nan     0.1000    0.0017
    60        1.1161             nan     0.1000    0.0020
    80        1.0068             nan     0.1000   -0.0034
   100        0.9165             nan     0.1000   -0.0046
   120        0.8375             nan     0.1000   -0.0025
   140        0.7782             nan     0.1000   -0.0023
   150        0.7494             nan     0.1000   -0.0040

Iter   TrainDeviance   ValidDeviance   StepSize   Improve
     1        2.0794             nan     0.1000    0.2423
     2        1.9335             nan     0.1000    0.1551
     3        1.8250             nan     0.1000    0.1103
     4        1.7376             nan     0.1000    0.0907
     5        1.6693             nan     0.1000    0.0827
     6        1.6105             nan     0.1000    0.0761
     7        1.5542             nan     0.1000    0.0585
     8        1.5079             nan     0.1000    0.0516
     9        1.4647             nan     0.1000    0.0560
    10        1.4238             nan     0.1000    0.0310
    20        1.1600             nan     0.1000    0.0107
    40        0.8796             nan     0.1000    0.0006
    60        0.7063             nan     0.1000    0.0005
    80        0.5715             nan     0.1000   -0.0002
   100        0.4736             nan     0.1000   -0.0043
   120        0.3990             nan     0.1000   -0.0025
   140        0.3366             nan     0.1000   -0.0020
   150        0.3090             nan     0.1000   -0.0017

Iter   TrainDeviance   ValidDeviance   StepSize   Improve
     1        2.0794             nan     0.1000    0.3078
     2        1.8862             nan     0.1000    0.1865
     3        1.7621             nan     0.1000    0.1554
     4        1.6632             nan     0.1000    0.1061
     5        1.5881             nan     0.1000    0.0829
     6        1.5197             nan     0.1000    0.0782
     7        1.4602             nan     0.1000    0.0667
     8        1.4090             nan     0.1000    0.0610
     9        1.3585             nan     0.1000    0.0531
    10        1.3144             nan     0.1000    0.0384
    20        1.0132             nan     0.1000    0.0160
    40        0.6909             nan     0.1000    0.0029
    60        0.5048             nan     0.1000    0.0026
    80        0.3806             nan     0.1000   -0.0004
   100        0.2918             nan     0.1000   -0.0008
   120        0.2230             nan     0.1000   -0.0006
   140        0.1732             nan     0.1000   -0.0005
   150        0.1530             nan     0.1000   -0.0004

Iter   TrainDeviance   ValidDeviance   StepSize   Improve
     1        2.0794             nan     0.1000    0.1405
     2        1.9968             nan     0.1000    0.0899
     3        1.9356             nan     0.1000    0.0792
     4        1.8834             nan     0.1000    0.0677
     5        1.8407             nan     0.1000    0.0516
     6        1.8030             nan     0.1000    0.0443
     7        1.7683             nan     0.1000    0.0428
     8        1.7389             nan     0.1000    0.0403
     9        1.7086             nan     0.1000    0.0320
    10        1.6834             nan     0.1000    0.0267
    20        1.5026             nan     0.1000    0.0101
    40        1.2915             nan     0.1000    0.0071
    60        1.1470             nan     0.1000    0.0010
    80        1.0350             nan     0.1000    0.0023
   100        0.9454             nan     0.1000   -0.0038
   120        0.8686             nan     0.1000   -0.0041
   140        0.8067             nan     0.1000   -0.0037
   150        0.7748             nan     0.1000   -0.0031

Iter   TrainDeviance   ValidDeviance   StepSize   Improve
     1        2.0794             nan     0.1000    0.2132
     2        1.9465             nan     0.1000    0.1592
     3        1.8382             nan     0.1000    0.1177
     4        1.7553             nan     0.1000    0.0935
     5        1.6837             nan     0.1000    0.0732
     6        1.6223             nan     0.1000    0.0501
     7        1.5797             nan     0.1000    0.0620
     8        1.5289             nan     0.1000    0.0482
     9        1.4910             nan     0.1000    0.0504
    10        1.4502             nan     0.1000    0.0345
    20        1.2007             nan     0.1000    0.0166
    40        0.9135             nan     0.1000    0.0039
    60        0.7224             nan     0.1000    0.0041
    80        0.5878             nan     0.1000   -0.0003
   100        0.4868             nan     0.1000   -0.0021
   120        0.4115             nan     0.1000   -0.0003
   140        0.3446             nan     0.1000   -0.0009
   150        0.3141             nan     0.1000   -0.0017

Iter   TrainDeviance   ValidDeviance   StepSize   Improve
     1        2.0794             nan     0.1000    0.2539
     2        1.9125             nan     0.1000    0.1732
     3        1.7854             nan     0.1000    0.1414
     4        1.6902             nan     0.1000    0.1079
     5        1.6080             nan     0.1000    0.0823
     6        1.5399             nan     0.1000    0.0977
     7        1.4741             nan     0.1000    0.0771
     8        1.4166             nan     0.1000    0.0603
     9        1.3633             nan     0.1000    0.0559
    10        1.3158             nan     0.1000    0.0406
    20        1.0125             nan     0.1000    0.0172
    40        0.7079             nan     0.1000   -0.0007
    60        0.5188             nan     0.1000   -0.0004
    80        0.3894             nan     0.1000   -0.0011
   100        0.2896             nan     0.1000   -0.0015
   120        0.2218             nan     0.1000   -0.0017
   140        0.1709             nan     0.1000   -0.0002
   150        0.1496             nan     0.1000   -0.0008

Iter   TrainDeviance   ValidDeviance   StepSize   Improve
     1        2.0794             nan     0.1000    0.1503
     2        1.9909             nan     0.1000    0.0830
     3        1.9303             nan     0.1000    0.0832
     4        1.8761             nan     0.1000    0.0567
     5        1.8324             nan     0.1000    0.0538
     6        1.7943             nan     0.1000    0.0373
     7        1.7600             nan     0.1000    0.0418
     8        1.7310             nan     0.1000    0.0380
     9        1.7007             nan     0.1000    0.0319
    10        1.6729             nan     0.1000    0.0296
    20        1.4895             nan     0.1000    0.0163
    40        1.2593             nan     0.1000    0.0089
    60        1.1089             nan     0.1000    0.0005
    80        0.9915             nan     0.1000   -0.0028
   100        0.8994             nan     0.1000   -0.0026
   120        0.8259             nan     0.1000   -0.0007
   140        0.7649             nan     0.1000   -0.0020
   150        0.7342             nan     0.1000   -0.0045

Iter   TrainDeviance   ValidDeviance   StepSize   Improve
     1        2.0794             nan     0.1000    0.2399
     2        1.9310             nan     0.1000    0.1548
     3        1.8297             nan     0.1000    0.1140
     4        1.7528             nan     0.1000    0.0971
     5        1.6841             nan     0.1000    0.0890
     6        1.6210             nan     0.1000    0.0685
     7        1.5690             nan     0.1000    0.0560
     8        1.5252             nan     0.1000    0.0615
     9        1.4818             nan     0.1000    0.0427
    10        1.4451             nan     0.1000    0.0449
    20        1.1817             nan     0.1000    0.0040
    40        0.8855             nan     0.1000    0.0017
    60        0.7015             nan     0.1000    0.0057
    80        0.5701             nan     0.1000   -0.0006
   100        0.4689             nan     0.1000   -0.0014
   120        0.3860             nan     0.1000   -0.0004
   140        0.3233             nan     0.1000   -0.0004
   150        0.2963             nan     0.1000   -0.0012

Iter   TrainDeviance   ValidDeviance   StepSize   Improve
     1        2.0794             nan     0.1000    0.2562
     2        1.8942             nan     0.1000    0.1754
     3        1.7770             nan     0.1000    0.1413
     4        1.6714             nan     0.1000    0.1134
     5        1.5807             nan     0.1000    0.0991
     6        1.5074             nan     0.1000    0.0748
     7        1.4473             nan     0.1000    0.0622
     8        1.3950             nan     0.1000    0.0551
     9        1.3467             nan     0.1000    0.0531
    10        1.3032             nan     0.1000    0.0350
    20        0.9984             nan     0.1000    0.0194
    40        0.6654             nan     0.1000    0.0007
    60        0.4787             nan     0.1000    0.0018
    80        0.3596             nan     0.1000    0.0003
   100        0.2724             nan     0.1000   -0.0015
   120        0.2085             nan     0.1000   -0.0017
   140        0.1597             nan     0.1000   -0.0012
   150        0.1416             nan     0.1000   -0.0007

Iter   TrainDeviance   ValidDeviance   StepSize   Improve
     1        2.0794             nan     0.1000    0.1376
     2        1.9872             nan     0.1000    0.1055
     3        1.9248             nan     0.1000    0.0741
     4        1.8682             nan     0.1000    0.0614
     5        1.8251             nan     0.1000    0.0503
     6        1.7887             nan     0.1000    0.0551
     7        1.7503             nan     0.1000    0.0387
     8        1.7208             nan     0.1000    0.0366
     9        1.6955             nan     0.1000    0.0315
    10        1.6692             nan     0.1000    0.0313
    20        1.4878             nan     0.1000    0.0113
    40        1.2572             nan     0.1000    0.0056
    60        1.1124             nan     0.1000   -0.0006
    80        1.0047             nan     0.1000   -0.0011
   100        0.9166             nan     0.1000   -0.0033
   120        0.8443             nan     0.1000   -0.0023
   140        0.7778             nan     0.1000   -0.0035
   150        0.7518             nan     0.1000   -0.0027

Iter   TrainDeviance   ValidDeviance   StepSize   Improve
     1        2.0794             nan     0.1000    0.2136
     2        1.9351             nan     0.1000    0.1559
     3        1.8311             nan     0.1000    0.1229
     4        1.7495             nan     0.1000    0.1100
     5        1.6790             nan     0.1000    0.0846
     6        1.6200             nan     0.1000    0.0814
     7        1.5627             nan     0.1000    0.0572
     8        1.5197             nan     0.1000    0.0511
     9        1.4807             nan     0.1000    0.0396
    10        1.4466             nan     0.1000    0.0325
    20        1.1885             nan     0.1000    0.0143
    40        0.8918             nan     0.1000    0.0004
    60        0.7110             nan     0.1000   -0.0041
    80        0.5797             nan     0.1000   -0.0017
   100        0.4743             nan     0.1000   -0.0004
   120        0.3921             nan     0.1000   -0.0011
   140        0.3280             nan     0.1000   -0.0009
   150        0.3005             nan     0.1000   -0.0009

Iter   TrainDeviance   ValidDeviance   StepSize   Improve
     1        2.0794             nan     0.1000    0.2995
     2        1.8882             nan     0.1000    0.1984
     3        1.7580             nan     0.1000    0.1494
     4        1.6556             nan     0.1000    0.1051
     5        1.5801             nan     0.1000    0.0881
     6        1.5108             nan     0.1000    0.0631
     7        1.4541             nan     0.1000    0.0572
     8        1.4036             nan     0.1000    0.0629
     9        1.3525             nan     0.1000    0.0460
    10        1.3102             nan     0.1000    0.0260
    20        1.0100             nan     0.1000    0.0204
    40        0.6804             nan     0.1000    0.0058
    60        0.4908             nan     0.1000   -0.0001
    80        0.3677             nan     0.1000    0.0003
   100        0.2785             nan     0.1000   -0.0012
   120        0.2113             nan     0.1000   -0.0022
   140        0.1636             nan     0.1000   -0.0009
   150        0.1434             nan     0.1000   -0.0010

Iter   TrainDeviance   ValidDeviance   StepSize   Improve
     1        2.0794             nan     0.1000    0.1269
     2        1.9988             nan     0.1000    0.1032
     3        1.9364             nan     0.1000    0.0902
     4        1.8815             nan     0.1000    0.0631
     5        1.8385             nan     0.1000    0.0542
     6        1.7991             nan     0.1000    0.0446
     7        1.7629             nan     0.1000    0.0372
     8        1.7335             nan     0.1000    0.0342
     9        1.7062             nan     0.1000    0.0338
    10        1.6799             nan     0.1000    0.0302
    20        1.4961             nan     0.1000    0.0144
    40        1.2749             nan     0.1000    0.0084
    60        1.1196             nan     0.1000    0.0002
    80        1.0098             nan     0.1000   -0.0013
   100        0.9161             nan     0.1000   -0.0014
   120        0.8344             nan     0.1000   -0.0015
   140        0.7706             nan     0.1000   -0.0031
   150        0.7417             nan     0.1000   -0.0051

Iter   TrainDeviance   ValidDeviance   StepSize   Improve
     1        2.0794             nan     0.1000    0.2009
     2        1.9386             nan     0.1000    0.1914
     3        1.8136             nan     0.1000    0.1176
     4        1.7337             nan     0.1000    0.0994
     5        1.6655             nan     0.1000    0.0953
     6        1.5957             nan     0.1000    0.0568
     7        1.5495             nan     0.1000    0.0580
     8        1.5036             nan     0.1000    0.0557
     9        1.4595             nan     0.1000    0.0379
    10        1.4257             nan     0.1000    0.0409
    20        1.1674             nan     0.1000    0.0107
    40        0.8785             nan     0.1000    0.0082
    60        0.6883             nan     0.1000   -0.0012
    80        0.5587             nan     0.1000   -0.0001
   100        0.4574             nan     0.1000    0.0017
   120        0.3824             nan     0.1000   -0.0004
   140        0.3180             nan     0.1000   -0.0005
   150        0.2890             nan     0.1000   -0.0023

Iter   TrainDeviance   ValidDeviance   StepSize   Improve
     1        2.0794             nan     0.1000    0.2998
     2        1.8886             nan     0.1000    0.1900
     3        1.7587             nan     0.1000    0.1428
     4        1.6584             nan     0.1000    0.1126
     5        1.5709             nan     0.1000    0.0918
     6        1.5003             nan     0.1000    0.0956
     7        1.4346             nan     0.1000    0.0507
     8        1.3929             nan     0.1000    0.0628
     9        1.3427             nan     0.1000    0.0508
    10        1.2931             nan     0.1000    0.0433
    20        0.9964             nan     0.1000    0.0174
    40        0.6791             nan     0.1000    0.0062
    60        0.4899             nan     0.1000    0.0001
    80        0.3663             nan     0.1000   -0.0011
   100        0.2756             nan     0.1000   -0.0018
   120        0.2100             nan     0.1000   -0.0007
   140        0.1621             nan     0.1000   -0.0014
   150        0.1424             nan     0.1000   -0.0014

Iter   TrainDeviance   ValidDeviance   StepSize   Improve
     1        2.0794             nan     0.1000    0.1297
     2        2.0057             nan     0.1000    0.1005
     3        1.9380             nan     0.1000    0.0865
     4        1.8858             nan     0.1000    0.0699
     5        1.8375             nan     0.1000    0.0640
     6        1.7959             nan     0.1000    0.0416
     7        1.7643             nan     0.1000    0.0362
     8        1.7377             nan     0.1000    0.0436
     9        1.7059             nan     0.1000    0.0298
    10        1.6807             nan     0.1000    0.0320
    20        1.4882             nan     0.1000    0.0129
    40        1.2744             nan     0.1000    0.0033
    60        1.1282             nan     0.1000    0.0011
    80        1.0086             nan     0.1000   -0.0002
   100        0.9130             nan     0.1000   -0.0033
   120        0.8357             nan     0.1000   -0.0016
   140        0.7717             nan     0.1000   -0.0026
   150        0.7401             nan     0.1000   -0.0015

Iter   TrainDeviance   ValidDeviance   StepSize   Improve
     1        2.0794             nan     0.1000    0.1975
     2        1.9553             nan     0.1000    0.1642
     3        1.8514             nan     0.1000    0.1352
     4        1.7601             nan     0.1000    0.0850
     5        1.6989             nan     0.1000    0.0804
     6        1.6377             nan     0.1000    0.0649
     7        1.5878             nan     0.1000    0.0548
     8        1.5414             nan     0.1000    0.0488
     9        1.5023             nan     0.1000    0.0522
    10        1.4593             nan     0.1000    0.0309
    20        1.2003             nan     0.1000    0.0126
    40        0.9062             nan     0.1000    0.0054
    60        0.7133             nan     0.1000    0.0031
    80        0.5691             nan     0.1000   -0.0020
   100        0.4661             nan     0.1000   -0.0001
   120        0.3833             nan     0.1000    0.0001
   140        0.3178             nan     0.1000    0.0009
   150        0.2868             nan     0.1000   -0.0002

Iter   TrainDeviance   ValidDeviance   StepSize   Improve
     1        2.0794             nan     0.1000    0.2453
     2        1.9080             nan     0.1000    0.1828
     3        1.7834             nan     0.1000    0.1484
     4        1.6810             nan     0.1000    0.1089
     5        1.6027             nan     0.1000    0.0886
     6        1.5321             nan     0.1000    0.0781
     7        1.4722             nan     0.1000    0.0709
     8        1.4140             nan     0.1000    0.0636
     9        1.3605             nan     0.1000    0.0553
    10        1.3151             nan     0.1000    0.0376
    20        1.0133             nan     0.1000    0.0147
    40        0.6827             nan     0.1000    0.0031
    60        0.4851             nan     0.1000    0.0015
    80        0.3564             nan     0.1000    0.0011
   100        0.2606             nan     0.1000   -0.0016
   120        0.1968             nan     0.1000   -0.0003
   140        0.1494             nan     0.1000   -0.0001
   150        0.1319             nan     0.1000   -0.0007

Iter   TrainDeviance   ValidDeviance   StepSize   Improve
     1        2.0794             nan     0.1000    0.1155
     2        2.0059             nan     0.1000    0.1036
     3        1.9400             nan     0.1000    0.0808
     4        1.8896             nan     0.1000    0.0745
     5        1.8425             nan     0.1000    0.0554
     6        1.8036             nan     0.1000    0.0456
     7        1.7698             nan     0.1000    0.0373
     8        1.7420             nan     0.1000    0.0364
     9        1.7156             nan     0.1000    0.0327
    10        1.6884             nan     0.1000    0.0206
    20        1.5042             nan     0.1000    0.0151
    40        1.2726             nan     0.1000    0.0060
    60        1.1232             nan     0.1000   -0.0010
    80        1.0075             nan     0.1000   -0.0007
   100        0.9215             nan     0.1000   -0.0034
   120        0.8457             nan     0.1000   -0.0028
   140        0.7839             nan     0.1000   -0.0022
   150        0.7530             nan     0.1000   -0.0047

Iter   TrainDeviance   ValidDeviance   StepSize   Improve
     1        2.0794             nan     0.1000    0.2122
     2        1.9408             nan     0.1000    0.1595
     3        1.8352             nan     0.1000    0.1196
     4        1.7541             nan     0.1000    0.0996
     5        1.6859             nan     0.1000    0.0688
     6        1.6270             nan     0.1000    0.0782
     7        1.5702             nan     0.1000    0.0559
     8        1.5256             nan     0.1000    0.0543
     9        1.4803             nan     0.1000    0.0505
    10        1.4420             nan     0.1000    0.0340
    20        1.1767             nan     0.1000    0.0149
    40        0.9006             nan     0.1000    0.0099
    60        0.7149             nan     0.1000   -0.0026
    80        0.5775             nan     0.1000   -0.0016
   100        0.4748             nan     0.1000    0.0010
   120        0.3917             nan     0.1000    0.0000
   140        0.3271             nan     0.1000   -0.0009
   150        0.3010             nan     0.1000   -0.0022

Iter   TrainDeviance   ValidDeviance   StepSize   Improve
     1        2.0794             nan     0.1000    0.2745
     2        1.8953             nan     0.1000    0.1791
     3        1.7694             nan     0.1000    0.1580
     4        1.6593             nan     0.1000    0.1000
     5        1.5811             nan     0.1000    0.0864
     6        1.5073             nan     0.1000    0.0773
     7        1.4495             nan     0.1000    0.0523
     8        1.4026             nan     0.1000    0.0560
     9        1.3553             nan     0.1000    0.0476
    10        1.3119             nan     0.1000    0.0403
    20        1.0069             nan     0.1000    0.0117
    40        0.6863             nan     0.1000    0.0041
    60        0.4909             nan     0.1000    0.0029
    80        0.3655             nan     0.1000    0.0023
   100        0.2745             nan     0.1000   -0.0012
   120        0.2072             nan     0.1000   -0.0006
   140        0.1599             nan     0.1000   -0.0015
   150        0.1409             nan     0.1000   -0.0005

Iter   TrainDeviance   ValidDeviance   StepSize   Improve
     1        2.0794             nan     0.1000    0.1329
     2        1.9942             nan     0.1000    0.0894
     3        1.9352             nan     0.1000    0.0873
     4        1.8827             nan     0.1000    0.0586
     5        1.8423             nan     0.1000    0.0484
     6        1.8020             nan     0.1000    0.0495
     7        1.7668             nan     0.1000    0.0408
     8        1.7368             nan     0.1000    0.0412
     9        1.7092             nan     0.1000    0.0331
    10        1.6822             nan     0.1000    0.0269
    20        1.4924             nan     0.1000    0.0116
    40        1.2706             nan     0.1000    0.0046
    60        1.1307             nan     0.1000   -0.0021
    80        1.0199             nan     0.1000   -0.0008
   100        0.9327             nan     0.1000   -0.0015
   120        0.8565             nan     0.1000   -0.0027
   140        0.7929             nan     0.1000   -0.0024
   150        0.7644             nan     0.1000   -0.0050

Iter   TrainDeviance   ValidDeviance   StepSize   Improve
     1        2.0794             nan     0.1000    0.2113
     2        1.9336             nan     0.1000    0.1569
     3        1.8319             nan     0.1000    0.1270
     4        1.7455             nan     0.1000    0.1016
     5        1.6722             nan     0.1000    0.0852
     6        1.6077             nan     0.1000    0.0614
     7        1.5571             nan     0.1000    0.0581
     8        1.5096             nan     0.1000    0.0380
     9        1.4704             nan     0.1000    0.0519
    10        1.4313             nan     0.1000    0.0416
    20        1.1702             nan     0.1000    0.0247
    40        0.8875             nan     0.1000    0.0047
    60        0.7026             nan     0.1000   -0.0011
    80        0.5752             nan     0.1000   -0.0004
   100        0.4745             nan     0.1000   -0.0023
   120        0.3909             nan     0.1000   -0.0007
   140        0.3275             nan     0.1000    0.0002
   150        0.2996             nan     0.1000   -0.0022

Iter   TrainDeviance   ValidDeviance   StepSize   Improve
     1        2.0794             nan     0.1000    0.2788
     2        1.8886             nan     0.1000    0.1814
     3        1.7655             nan     0.1000    0.1186
     4        1.6707             nan     0.1000    0.1142
     5        1.5845             nan     0.1000    0.0868
     6        1.5166             nan     0.1000    0.0884
     7        1.4552             nan     0.1000    0.0600
     8        1.4056             nan     0.1000    0.0549
     9        1.3585             nan     0.1000    0.0435
    10        1.3162             nan     0.1000    0.0386
    20        1.0043             nan     0.1000    0.0145
    40        0.6890             nan     0.1000    0.0049
    60        0.5026             nan     0.1000   -0.0001
    80        0.3727             nan     0.1000   -0.0023
   100        0.2829             nan     0.1000   -0.0010
   120        0.2146             nan     0.1000   -0.0013
   140        0.1662             nan     0.1000   -0.0010
   150        0.1467             nan     0.1000   -0.0005

Iter   TrainDeviance   ValidDeviance   StepSize   Improve
     1        2.0794             nan     0.1000    0.1372
     2        1.9936             nan     0.1000    0.0894
     3        1.9312             nan     0.1000    0.0750
     4        1.8823             nan     0.1000    0.0615
     5        1.8415             nan     0.1000    0.0518
     6        1.8052             nan     0.1000    0.0515
     7        1.7703             nan     0.1000    0.0341
     8        1.7373             nan     0.1000    0.0381
     9        1.7068             nan     0.1000    0.0279
    10        1.6820             nan     0.1000    0.0376
    20        1.4886             nan     0.1000    0.0173
    40        1.2536             nan     0.1000    0.0037
    60        1.1114             nan     0.1000   -0.0001
    80        1.0002             nan     0.1000   -0.0016
   100        0.9077             nan     0.1000   -0.0020
   120        0.8356             nan     0.1000   -0.0023
   140        0.7675             nan     0.1000   -0.0011
   150        0.7371             nan     0.1000   -0.0010

Iter   TrainDeviance   ValidDeviance   StepSize   Improve
     1        2.0794             nan     0.1000    0.2014
     2        1.9440             nan     0.1000    0.1474
     3        1.8399             nan     0.1000    0.1146
     4        1.7616             nan     0.1000    0.1037
     5        1.6897             nan     0.1000    0.0851
     6        1.6263             nan     0.1000    0.0873
     7        1.5650             nan     0.1000    0.0655
     8        1.5120             nan     0.1000    0.0494
     9        1.4703             nan     0.1000    0.0464
    10        1.4284             nan     0.1000    0.0317
    20        1.1667             nan     0.1000    0.0202
    40        0.8877             nan     0.1000   -0.0007
    60        0.7073             nan     0.1000   -0.0007
    80        0.5729             nan     0.1000   -0.0037
   100        0.4674             nan     0.1000   -0.0016
   120        0.3871             nan     0.1000   -0.0010
   140        0.3206             nan     0.1000   -0.0026
   150        0.2933             nan     0.1000   -0.0025

Iter   TrainDeviance   ValidDeviance   StepSize   Improve
     1        2.0794             nan     0.1000    0.2928
     2        1.8894             nan     0.1000    0.2060
     3        1.7552             nan     0.1000    0.1474
     4        1.6544             nan     0.1000    0.1183
     5        1.5697             nan     0.1000    0.1040
     6        1.4993             nan     0.1000    0.0685
     7        1.4389             nan     0.1000    0.0602
     8        1.3924             nan     0.1000    0.0508
     9        1.3442             nan     0.1000    0.0354
    10        1.3037             nan     0.1000    0.0358
    20        1.0067             nan     0.1000    0.0163
    40        0.6900             nan     0.1000   -0.0005
    60        0.4984             nan     0.1000    0.0012
    80        0.3709             nan     0.1000    0.0006
   100        0.2810             nan     0.1000   -0.0015
   120        0.2155             nan     0.1000   -0.0012
   140        0.1672             nan     0.1000   -0.0014
   150        0.1481             nan     0.1000   -0.0011

Iter   TrainDeviance   ValidDeviance   StepSize   Improve
     1        2.0794             nan     0.1000    0.1285
     2        1.9997             nan     0.1000    0.1031
     3        1.9332             nan     0.1000    0.0720
     4        1.8870             nan     0.1000    0.0638
     5        1.8418             nan     0.1000    0.0593
     6        1.8046             nan     0.1000    0.0428
     7        1.7723             nan     0.1000    0.0410
     8        1.7400             nan     0.1000    0.0332
     9        1.7122             nan     0.1000    0.0311
    10        1.6849             nan     0.1000    0.0304
    20        1.5010             nan     0.1000    0.0124
    40        1.2672             nan     0.1000    0.0081
    60        1.1176             nan     0.1000    0.0032
    80        1.0022             nan     0.1000   -0.0025
   100        0.9090             nan     0.1000   -0.0045
   120        0.8346             nan     0.1000   -0.0031
   140        0.7691             nan     0.1000   -0.0013
   150        0.7405             nan     0.1000   -0.0032

Iter   TrainDeviance   ValidDeviance   StepSize   Improve
     1        2.0794             nan     0.1000    0.2149
     2        1.9426             nan     0.1000    0.1406
     3        1.8448             nan     0.1000    0.1169
     4        1.7652             nan     0.1000    0.0933
     5        1.6973             nan     0.1000    0.0705
     6        1.6442             nan     0.1000    0.0717
     7        1.5871             nan     0.1000    0.0601
     8        1.5381             nan     0.1000    0.0522
     9        1.4963             nan     0.1000    0.0428
    10        1.4605             nan     0.1000    0.0353
    20        1.1821             nan     0.1000    0.0176
    40        0.8883             nan     0.1000    0.0037
    60        0.7085             nan     0.1000    0.0030
    80        0.5772             nan     0.1000   -0.0013
   100        0.4756             nan     0.1000    0.0004
   120        0.3976             nan     0.1000   -0.0014
   140        0.3308             nan     0.1000   -0.0007
   150        0.3046             nan     0.1000   -0.0021

Iter   TrainDeviance   ValidDeviance   StepSize   Improve
     1        2.0794             nan     0.1000    0.1963
     2        1.9145             nan     0.1000    0.1960
     3        1.7812             nan     0.1000    0.1482
     4        1.6735             nan     0.1000    0.1108
     5        1.5906             nan     0.1000    0.0920
     6        1.5244             nan     0.1000    0.0826
     7        1.4586             nan     0.1000    0.0684
     8        1.4028             nan     0.1000    0.0502
     9        1.3541             nan     0.1000    0.0614
    10        1.3019             nan     0.1000    0.0502
    20        0.9946             nan     0.1000    0.0113
    40        0.6712             nan     0.1000    0.0036
    60        0.4862             nan     0.1000    0.0014
    80        0.3606             nan     0.1000   -0.0003
   100        0.2702             nan     0.1000   -0.0020
   120        0.2059             nan     0.1000   -0.0011
   140        0.1592             nan     0.1000   -0.0023
   150        0.1409             nan     0.1000   -0.0006

Iter   TrainDeviance   ValidDeviance   StepSize   Improve
     1        2.0794             nan     0.1000    0.1254
     2        2.0026             nan     0.1000    0.1168
     3        1.9350             nan     0.1000    0.0778
     4        1.8851             nan     0.1000    0.0700
     5        1.8350             nan     0.1000    0.0546
     6        1.7970             nan     0.1000    0.0508
     7        1.7612             nan     0.1000    0.0422
     8        1.7287             nan     0.1000    0.0442
     9        1.6965             nan     0.1000    0.0350
    10        1.6662             nan     0.1000    0.0224
    20        1.4913             nan     0.1000    0.0149
    40        1.2764             nan     0.1000    0.0070
    60        1.1341             nan     0.1000    0.0011
    80        1.0310             nan     0.1000   -0.0035
   100        0.9427             nan     0.1000   -0.0040
   120        0.8655             nan     0.1000   -0.0052
   140        0.8037             nan     0.1000   -0.0031
   150        0.7753             nan     0.1000   -0.0056

Iter   TrainDeviance   ValidDeviance   StepSize   Improve
     1        2.0794             nan     0.1000    0.2292
     2        1.9297             nan     0.1000    0.1587
     3        1.8268             nan     0.1000    0.1139
     4        1.7444             nan     0.1000    0.0826
     5        1.6810             nan     0.1000    0.0592
     6        1.6306             nan     0.1000    0.0673
     7        1.5795             nan     0.1000    0.0651
     8        1.5331             nan     0.1000    0.0407
     9        1.4963             nan     0.1000    0.0503
    10        1.4581             nan     0.1000    0.0364
    20        1.2072             nan     0.1000    0.0111
    40        0.9203             nan     0.1000    0.0049
    60        0.7277             nan     0.1000   -0.0008
    80        0.5937             nan     0.1000    0.0029
   100        0.4907             nan     0.1000   -0.0032
   120        0.4113             nan     0.1000   -0.0006
   140        0.3467             nan     0.1000   -0.0013
   150        0.3189             nan     0.1000   -0.0010

Iter   TrainDeviance   ValidDeviance   StepSize   Improve
     1        2.0794             nan     0.1000    0.2646
     2        1.9028             nan     0.1000    0.1911
     3        1.7773             nan     0.1000    0.1544
     4        1.6765             nan     0.1000    0.1128
     5        1.5981             nan     0.1000    0.0927
     6        1.5294             nan     0.1000    0.0853
     7        1.4657             nan     0.1000    0.0597
     8        1.4142             nan     0.1000    0.0516
     9        1.3695             nan     0.1000    0.0514
    10        1.3244             nan     0.1000    0.0421
    20        1.0294             nan     0.1000    0.0125
    40        0.7023             nan     0.1000    0.0011
    60        0.5036             nan     0.1000    0.0009
    80        0.3824             nan     0.1000   -0.0018
   100        0.2904             nan     0.1000   -0.0017
   120        0.2230             nan     0.1000   -0.0035
   140        0.1732             nan     0.1000   -0.0006
   150        0.1526             nan     0.1000   -0.0005

Iter   TrainDeviance   ValidDeviance   StepSize   Improve
     1        2.0794             nan     0.1000    0.1235
     2        1.9961             nan     0.1000    0.0878
     3        1.9324             nan     0.1000    0.0777
     4        1.8824             nan     0.1000    0.0745
     5        1.8297             nan     0.1000    0.0456
     6        1.7925             nan     0.1000    0.0501
     7        1.7552             nan     0.1000    0.0419
     8        1.7225             nan     0.1000    0.0420
     9        1.6918             nan     0.1000    0.0412
    10        1.6647             nan     0.1000    0.0344
    20        1.4696             nan     0.1000    0.0139
    40        1.2480             nan     0.1000    0.0001
    60        1.0948             nan     0.1000    0.0013
    80        0.9813             nan     0.1000   -0.0018
   100        0.8935             nan     0.1000   -0.0009
   120        0.8191             nan     0.1000   -0.0019
   140        0.7536             nan     0.1000   -0.0042
   150        0.7230             nan     0.1000   -0.0034

Iter   TrainDeviance   ValidDeviance   StepSize   Improve
     1        2.0794             nan     0.1000    0.2211
     2        1.9352             nan     0.1000    0.1645
     3        1.8313             nan     0.1000    0.1133
     4        1.7500             nan     0.1000    0.0942
     5        1.6813             nan     0.1000    0.0819
     6        1.6224             nan     0.1000    0.0729
     7        1.5672             nan     0.1000    0.0632
     8        1.5193             nan     0.1000    0.0491
     9        1.4766             nan     0.1000    0.0380
    10        1.4417             nan     0.1000    0.0432
    20        1.1736             nan     0.1000    0.0134
    40        0.8721             nan     0.1000    0.0047
    60        0.6904             nan     0.1000    0.0028
    80        0.5582             nan     0.1000   -0.0027
   100        0.4580             nan     0.1000   -0.0008
   120        0.3811             nan     0.1000   -0.0011
   140        0.3153             nan     0.1000   -0.0008
   150        0.2876             nan     0.1000   -0.0013

Iter   TrainDeviance   ValidDeviance   StepSize   Improve
     1        2.0794             nan     0.1000    0.2261
     2        1.9176             nan     0.1000    0.2208
     3        1.7734             nan     0.1000    0.1664
     4        1.6631             nan     0.1000    0.0892
     5        1.5911             nan     0.1000    0.1099
     6        1.5121             nan     0.1000    0.0684
     7        1.4539             nan     0.1000    0.0672
     8        1.3998             nan     0.1000    0.0713
     9        1.3455             nan     0.1000    0.0481
    10        1.3019             nan     0.1000    0.0489
    20        0.9986             nan     0.1000    0.0153
    40        0.6720             nan     0.1000    0.0048
    60        0.4846             nan     0.1000   -0.0002
    80        0.3631             nan     0.1000    0.0003
   100        0.2738             nan     0.1000   -0.0007
   120        0.2070             nan     0.1000   -0.0004
   140        0.1558             nan     0.1000   -0.0003
   150        0.1365             nan     0.1000   -0.0005

Iter   TrainDeviance   ValidDeviance   StepSize   Improve
     1        2.0794             nan     0.1000    0.1166
     2        2.0044             nan     0.1000    0.1109
     3        1.9424             nan     0.1000    0.0756
     4        1.8928             nan     0.1000    0.0480
     5        1.8562             nan     0.1000    0.0478
     6        1.8154             nan     0.1000    0.0532
     7        1.7759             nan     0.1000    0.0423
     8        1.7452             nan     0.1000    0.0358
     9        1.7145             nan     0.1000    0.0353
    10        1.6858             nan     0.1000    0.0268
    20        1.4957             nan     0.1000    0.0132
    40        1.2708             nan     0.1000    0.0043
    60        1.1220             nan     0.1000    0.0021
    80        1.0115             nan     0.1000   -0.0008
   100        0.9157             nan     0.1000    0.0002
   120        0.8441             nan     0.1000   -0.0017
   140        0.7779             nan     0.1000   -0.0031
   150        0.7483             nan     0.1000   -0.0030

Iter   TrainDeviance   ValidDeviance   StepSize   Improve
     1        2.0794             nan     0.1000    0.1943
     2        1.9408             nan     0.1000    0.1192
     3        1.8490             nan     0.1000    0.1213
     4        1.7647             nan     0.1000    0.0887
     5        1.6980             nan     0.1000    0.0889
     6        1.6376             nan     0.1000    0.0648
     7        1.5902             nan     0.1000    0.0563
     8        1.5447             nan     0.1000    0.0577
     9        1.5011             nan     0.1000    0.0498
    10        1.4591             nan     0.1000    0.0472
    20        1.1953             nan     0.1000    0.0154
    40        0.9047             nan     0.1000    0.0021
    60        0.7151             nan     0.1000    0.0046
    80        0.5782             nan     0.1000    0.0014
   100        0.4719             nan     0.1000    0.0000
   120        0.3909             nan     0.1000   -0.0013
   140        0.3288             nan     0.1000   -0.0005
   150        0.3017             nan     0.1000   -0.0018

Iter   TrainDeviance   ValidDeviance   StepSize   Improve
     1        2.0794             nan     0.1000    0.2599
     2        1.9032             nan     0.1000    0.1579
     3        1.7769             nan     0.1000    0.1516
     4        1.6748             nan     0.1000    0.1177
     5        1.5877             nan     0.1000    0.0800
     6        1.5294             nan     0.1000    0.0861
     7        1.4707             nan     0.1000    0.0610
     8        1.4160             nan     0.1000    0.0596
     9        1.3671             nan     0.1000    0.0492
    10        1.3247             nan     0.1000    0.0443
    20        1.0249             nan     0.1000    0.0152
    40        0.7031             nan     0.1000    0.0084
    60        0.4969             nan     0.1000    0.0012
    80        0.3693             nan     0.1000   -0.0012
   100        0.2800             nan     0.1000   -0.0005
   120        0.2137             nan     0.1000    0.0001
   140        0.1649             nan     0.1000   -0.0004
   150        0.1451             nan     0.1000   -0.0009

Iter   TrainDeviance   ValidDeviance   StepSize   Improve
     1        2.0794             nan     0.1000    0.1396
     2        1.9937             nan     0.1000    0.1102
     3        1.9287             nan     0.1000    0.0847
     4        1.8760             nan     0.1000    0.0673
     5        1.8324             nan     0.1000    0.0494
     6        1.7947             nan     0.1000    0.0452
     7        1.7608             nan     0.1000    0.0453
     8        1.7290             nan     0.1000    0.0408
     9        1.7004             nan     0.1000    0.0410
    10        1.6698             nan     0.1000    0.0284
    20        1.4926             nan     0.1000    0.0059
    40        1.2763             nan     0.1000    0.0036
    60        1.1298             nan     0.1000   -0.0022
    80        1.0168             nan     0.1000   -0.0029
   100        0.9263             nan     0.1000   -0.0027
   120        0.8522             nan     0.1000   -0.0012
   140        0.7870             nan     0.1000   -0.0033
   150        0.7594             nan     0.1000   -0.0019

Iter   TrainDeviance   ValidDeviance   StepSize   Improve
     1        2.0794             nan     0.1000    0.1858
     2        1.9380             nan     0.1000    0.1614
     3        1.8284             nan     0.1000    0.1182
     4        1.7497             nan     0.1000    0.0947
     5        1.6793             nan     0.1000    0.0684
     6        1.6266             nan     0.1000    0.0783
     7        1.5707             nan     0.1000    0.0592
     8        1.5244             nan     0.1000    0.0568
     9        1.4829             nan     0.1000    0.0342
    10        1.4455             nan     0.1000    0.0426
    20        1.1793             nan     0.1000    0.0090
    40        0.8914             nan     0.1000    0.0044
    60        0.7141             nan     0.1000   -0.0010
    80        0.5713             nan     0.1000    0.0000
   100        0.4734             nan     0.1000    0.0025
   120        0.3915             nan     0.1000   -0.0010
   140        0.3287             nan     0.1000   -0.0017
   150        0.3017             nan     0.1000   -0.0019

Iter   TrainDeviance   ValidDeviance   StepSize   Improve
     1        2.0794             nan     0.1000    0.2580
     2        1.9014             nan     0.1000    0.1904
     3        1.7612             nan     0.1000    0.1304
     4        1.6640             nan     0.1000    0.0893
     5        1.5892             nan     0.1000    0.0881
     6        1.5201             nan     0.1000    0.0803
     7        1.4601             nan     0.1000    0.0614
     8        1.4039             nan     0.1000    0.0662
     9        1.3524             nan     0.1000    0.0548
    10        1.3083             nan     0.1000    0.0467
    20        0.9950             nan     0.1000    0.0127
    40        0.6917             nan     0.1000    0.0026
    60        0.4978             nan     0.1000    0.0031
    80        0.3713             nan     0.1000   -0.0018
   100        0.2790             nan     0.1000   -0.0020
   120        0.2143             nan     0.1000   -0.0010
   140        0.1655             nan     0.1000   -0.0007
   150        0.1459             nan     0.1000   -0.0008

Iter   TrainDeviance   ValidDeviance   StepSize   Improve
     1        2.0794             nan     0.1000    0.1640
     2        1.9856             nan     0.1000    0.0814
     3        1.9236             nan     0.1000    0.0989
     4        1.8662             nan     0.1000    0.0663
     5        1.8219             nan     0.1000    0.0592
     6        1.7834             nan     0.1000    0.0479
     7        1.7507             nan     0.1000    0.0506
     8        1.7151             nan     0.1000    0.0398
     9        1.6863             nan     0.1000    0.0311
    10        1.6623             nan     0.1000    0.0218
    20        1.4630             nan     0.1000    0.0090
    40        1.2580             nan     0.1000    0.0052
    60        1.1204             nan     0.1000   -0.0009
    80        1.0159             nan     0.1000   -0.0005
   100        0.9317             nan     0.1000    0.0001
   120        0.8552             nan     0.1000   -0.0033
   140        0.7890             nan     0.1000   -0.0036
   150        0.7594             nan     0.1000   -0.0046

Iter   TrainDeviance   ValidDeviance   StepSize   Improve
     1        2.0794             nan     0.1000    0.2287
     2        1.9278             nan     0.1000    0.1484
     3        1.8253             nan     0.1000    0.1354
     4        1.7394             nan     0.1000    0.0933
     5        1.6729             nan     0.1000    0.0837
     6        1.6126             nan     0.1000    0.0672
     7        1.5592             nan     0.1000    0.0627
     8        1.5096             nan     0.1000    0.0461
     9        1.4736             nan     0.1000    0.0506
    10        1.4340             nan     0.1000    0.0414
    20        1.1797             nan     0.1000    0.0093
    40        0.9048             nan     0.1000    0.0042
    60        0.7159             nan     0.1000    0.0008
    80        0.5823             nan     0.1000   -0.0036
   100        0.4742             nan     0.1000   -0.0029
   120        0.3917             nan     0.1000   -0.0020
   140        0.3251             nan     0.1000   -0.0012
   150        0.2979             nan     0.1000   -0.0022

Iter   TrainDeviance   ValidDeviance   StepSize   Improve
     1        2.0794             nan     0.1000    0.3080
     2        1.8839             nan     0.1000    0.1967
     3        1.7475             nan     0.1000    0.1393
     4        1.6407             nan     0.1000    0.1026
     5        1.5555             nan     0.1000    0.0951
     6        1.4881             nan     0.1000    0.0765
     7        1.4316             nan     0.1000    0.0715
     8        1.3775             nan     0.1000    0.0470
     9        1.3346             nan     0.1000    0.0473
    10        1.2923             nan     0.1000    0.0505
    20        0.9979             nan     0.1000    0.0133
    40        0.6879             nan     0.1000    0.0048
    60        0.4965             nan     0.1000   -0.0023
    80        0.3660             nan     0.1000   -0.0021
   100        0.2725             nan     0.1000   -0.0004
   120        0.2091             nan     0.1000   -0.0007
   140        0.1612             nan     0.1000   -0.0006
   150        0.1432             nan     0.1000    0.0000

Iter   TrainDeviance   ValidDeviance   StepSize   Improve
     1        2.0794             nan     0.1000    0.1394
     2        1.9880             nan     0.1000    0.1028
     3        1.9168             nan     0.1000    0.0869
     4        1.8584             nan     0.1000    0.0669
     5        1.8154             nan     0.1000    0.0559
     6        1.7815             nan     0.1000    0.0394
     7        1.7499             nan     0.1000    0.0556
     8        1.7143             nan     0.1000    0.0426
     9        1.6834             nan     0.1000    0.0342
    10        1.6598             nan     0.1000    0.0271
    20        1.4769             nan     0.1000    0.0057
    40        1.2583             nan     0.1000    0.0049
    60        1.1104             nan     0.1000   -0.0001
    80        0.9965             nan     0.1000   -0.0026
   100        0.9067             nan     0.1000   -0.0027
   120        0.8316             nan     0.1000   -0.0022
   140        0.7653             nan     0.1000   -0.0020
   150        0.7378             nan     0.1000   -0.0011

Iter   TrainDeviance   ValidDeviance   StepSize   Improve
     1        2.0794             nan     0.1000    0.2413
     2        1.9200             nan     0.1000    0.1518
     3        1.8179             nan     0.1000    0.1285
     4        1.7298             nan     0.1000    0.0946
     5        1.6689             nan     0.1000    0.0665
     6        1.6158             nan     0.1000    0.0748
     7        1.5621             nan     0.1000    0.0482
     8        1.5191             nan     0.1000    0.0413
     9        1.4816             nan     0.1000    0.0494
    10        1.4409             nan     0.1000    0.0436
    20        1.1803             nan     0.1000    0.0197
    40        0.8892             nan     0.1000    0.0025
    60        0.7021             nan     0.1000   -0.0041
    80        0.5707             nan     0.1000    0.0009
   100        0.4661             nan     0.1000   -0.0015
   120        0.3879             nan     0.1000   -0.0005
   140        0.3274             nan     0.1000   -0.0015
   150        0.2991             nan     0.1000   -0.0009

Iter   TrainDeviance   ValidDeviance   StepSize   Improve
     1        2.0794             nan     0.1000    0.2806
     2        1.8978             nan     0.1000    0.2143
     3        1.7566             nan     0.1000    0.1331
     4        1.6599             nan     0.1000    0.1141
     5        1.5797             nan     0.1000    0.0829
     6        1.5154             nan     0.1000    0.0726
     7        1.4605             nan     0.1000    0.0644
     8        1.4072             nan     0.1000    0.0522
     9        1.3599             nan     0.1000    0.0654
    10        1.3111             nan     0.1000    0.0453
    20        1.0129             nan     0.1000    0.0198
    40        0.6894             nan     0.1000    0.0061
    60        0.4948             nan     0.1000   -0.0010
    80        0.3730             nan     0.1000   -0.0033
   100        0.2827             nan     0.1000   -0.0007
   120        0.2187             nan     0.1000   -0.0001
   140        0.1683             nan     0.1000   -0.0023
   150        0.1482             nan     0.1000   -0.0009

Iter   TrainDeviance   ValidDeviance   StepSize   Improve
     1        2.0794             nan     0.1000    0.1339
     2        1.9994             nan     0.1000    0.0896
     3        1.9438             nan     0.1000    0.0727
     4        1.8947             nan     0.1000    0.0624
     5        1.8496             nan     0.1000    0.0539
     6        1.8143             nan     0.1000    0.0427
     7        1.7822             nan     0.1000    0.0388
     8        1.7535             nan     0.1000    0.0345
     9        1.7257             nan     0.1000    0.0263
    10        1.7036             nan     0.1000    0.0378
    20        1.5268             nan     0.1000    0.0115
    40        1.3082             nan     0.1000    0.0031
    60        1.1557             nan     0.1000    0.0000
    80        1.0370             nan     0.1000    0.0017
   100        0.9431             nan     0.1000   -0.0031
   120        0.8681             nan     0.1000   -0.0026
   140        0.7989             nan     0.1000   -0.0028
   150        0.7677             nan     0.1000   -0.0047

Iter   TrainDeviance   ValidDeviance   StepSize   Improve
     1        2.0794             nan     0.1000    0.1856
     2        1.9477             nan     0.1000    0.1481
     3        1.8467             nan     0.1000    0.1103
     4        1.7726             nan     0.1000    0.0647
     5        1.7112             nan     0.1000    0.0830
     6        1.6508             nan     0.1000    0.0697
     7        1.5938             nan     0.1000    0.0522
     8        1.5530             nan     0.1000    0.0527
     9        1.5117             nan     0.1000    0.0420
    10        1.4784             nan     0.1000    0.0275
    20        1.2109             nan     0.1000    0.0117
    40        0.9146             nan     0.1000    0.0065
    60        0.7245             nan     0.1000    0.0039
    80        0.5844             nan     0.1000   -0.0003
   100        0.4857             nan     0.1000    0.0012
   120        0.4044             nan     0.1000    0.0007
   140        0.3365             nan     0.1000   -0.0012
   150        0.3103             nan     0.1000   -0.0020

Iter   TrainDeviance   ValidDeviance   StepSize   Improve
     1        2.0794             nan     0.1000    0.2495
     2        1.9124             nan     0.1000    0.1719
     3        1.7900             nan     0.1000    0.1370
     4        1.6920             nan     0.1000    0.1194
     5        1.6080             nan     0.1000    0.0927
     6        1.5378             nan     0.1000    0.0649
     7        1.4837             nan     0.1000    0.0637
     8        1.4352             nan     0.1000    0.0601
     9        1.3879             nan     0.1000    0.0453
    10        1.3406             nan     0.1000    0.0336
    20        1.0371             nan     0.1000    0.0163
    40        0.6915             nan     0.1000    0.0044
    60        0.4989             nan     0.1000    0.0017
    80        0.3733             nan     0.1000   -0.0027
   100        0.2854             nan     0.1000   -0.0021
   120        0.2224             nan     0.1000   -0.0012
   140        0.1707             nan     0.1000   -0.0011
   150        0.1507             nan     0.1000    0.0002

Iter   TrainDeviance   ValidDeviance   StepSize   Improve
     1        2.0794             nan     0.1000    0.1201
     2        2.0064             nan     0.1000    0.0888
     3        1.9450             nan     0.1000    0.0746
     4        1.8938             nan     0.1000    0.0508
     5        1.8524             nan     0.1000    0.0546
     6        1.8148             nan     0.1000    0.0549
     7        1.7804             nan     0.1000    0.0431
     8        1.7500             nan     0.1000    0.0421
     9        1.7190             nan     0.1000    0.0284
    10        1.6952             nan     0.1000    0.0269
    20        1.5177             nan     0.1000    0.0125
    40        1.2923             nan     0.1000    0.0069
    60        1.1437             nan     0.1000    0.0077
    80        1.0251             nan     0.1000   -0.0004
   100        0.9407             nan     0.1000   -0.0024
   120        0.8650             nan     0.1000   -0.0029
   140        0.7979             nan     0.1000   -0.0048
   150        0.7667             nan     0.1000   -0.0044

Iter   TrainDeviance   ValidDeviance   StepSize   Improve
     1        2.0794             nan     0.1000    0.2006
     2        1.9459             nan     0.1000    0.1593
     3        1.8420             nan     0.1000    0.1064
     4        1.7665             nan     0.1000    0.0922
     5        1.6985             nan     0.1000    0.0683
     6        1.6436             nan     0.1000    0.0546
     7        1.5986             nan     0.1000    0.0641
     8        1.5511             nan     0.1000    0.0433
     9        1.5132             nan     0.1000    0.0372
    10        1.4775             nan     0.1000    0.0385
    20        1.1988             nan     0.1000    0.0145
    40        0.9029             nan     0.1000    0.0058
    60        0.7127             nan     0.1000   -0.0015
    80        0.5795             nan     0.1000   -0.0003
   100        0.4798             nan     0.1000   -0.0016
   120        0.3984             nan     0.1000   -0.0017
   140        0.3307             nan     0.1000   -0.0021
   150        0.3021             nan     0.1000   -0.0026

Iter   TrainDeviance   ValidDeviance   StepSize   Improve
     1        2.0794             nan     0.1000    0.2579
     2        1.9140             nan     0.1000    0.1823
     3        1.7831             nan     0.1000    0.1421
     4        1.6849             nan     0.1000    0.1075
     5        1.6082             nan     0.1000    0.0738
     6        1.5485             nan     0.1000    0.0636
     7        1.4940             nan     0.1000    0.0685
     8        1.4408             nan     0.1000    0.0499
     9        1.3912             nan     0.1000    0.0537
    10        1.3453             nan     0.1000    0.0553
    20        1.0224             nan     0.1000    0.0087
    40        0.6888             nan     0.1000    0.0067
    60        0.4985             nan     0.1000    0.0018
    80        0.3725             nan     0.1000   -0.0011
   100        0.2799             nan     0.1000    0.0011
   120        0.2112             nan     0.1000   -0.0016
   140        0.1629             nan     0.1000   -0.0007
   150        0.1444             nan     0.1000   -0.0001

Iter   TrainDeviance   ValidDeviance   StepSize   Improve
     1        2.0794             nan     0.1000    0.2286
     2        1.9168             nan     0.1000    0.1627
     3        1.8024             nan     0.1000    0.1097
     4        1.7184             nan     0.1000    0.0995
     5        1.6396             nan     0.1000    0.0758
     6        1.5791             nan     0.1000    0.0610
     7        1.5286             nan     0.1000    0.0535
     8        1.4809             nan     0.1000    0.0432
     9        1.4335             nan     0.1000    0.0385
    10        1.3954             nan     0.1000    0.0259
    20        1.1337             nan     0.1000    0.0068
    40        0.8428             nan     0.1000    0.0012
    60        0.6544             nan     0.1000   -0.0023
    80        0.5254             nan     0.1000   -0.0051
   100        0.4257             nan     0.1000   -0.0021
   120        0.3445             nan     0.1000   -0.0040
   140        0.2793             nan     0.1000   -0.0010
   150        0.2542             nan     0.1000   -0.0023

Model size:  22 
-------Evaluation
              y
y1             coast forest highway insidecity mountain opencountry street tallbuilding
  coast          186      0       0          0        0           0      0            0
  forest           0    172       0          0        0           0      0            0
  highway          0      0     134          0        1           0      0            0
  insidecity       1      1       2        158        1           2      0            0
  mountain         0      0       0          0      179           1      0            0
  opencountry      1      0       2          0        0         225      0            0
  street           0      0       0          0        1           0    150            0
  tallbuilding     4      0       0          1        0           1      0          180
[1] 0.01354241
              y
y1             coast forest highway insidecity mountain opencountry street tallbuilding
  coast           50      2       5          2        9           3      2            4
  forest           6     55       1          4        0           1      3            3
  highway          0      0      44          0        1           2      2            0
  insidecity       6      6       2         44        6           2      0            3
  mountain         7      3       3          6       41           4      4            3
  opencountry      4      5       1          4        6          83      2            5
  street           1      1       1          2        1           0     49            2
  tallbuilding     8      2       2          6       13           2      1           57
[1] 0.2914573
