-------Sliced
[1] 2000   11

       coast       forest      highway   insidecity     mountain  opencountry       street tallbuilding 
         270          239          204          225          286          311          216          249 
-------Splitting
Training coin:  0.7 
[1] 1404   11

       coast       forest      highway   insidecity     mountain  opencountry       street tallbuilding 
         189          168          143          158          201          218          152          175 
[1] 596  11

       coast       forest      highway   insidecity     mountain  opencountry       street tallbuilding 
          81           71           61           67           85           93           64           74 
-------Fitting
Iter   TrainDeviance   ValidDeviance   StepSize   Improve
     1        2.0794             nan     0.1000    0.0576
     2        2.0433             nan     0.1000    0.0479
     3        2.0112             nan     0.1000    0.0418
     4        1.9830             nan     0.1000    0.0294
     5        1.9604             nan     0.1000    0.0290
     6        1.9370             nan     0.1000    0.0277
     7        1.9161             nan     0.1000    0.0203
     8        1.8972             nan     0.1000    0.0152
     9        1.8814             nan     0.1000    0.0126
    10        1.8672             nan     0.1000    0.0157
    20        1.7613             nan     0.1000    0.0038
    40        1.6364             nan     0.1000   -0.0038
    60        1.5501             nan     0.1000   -0.0021
    80        1.4822             nan     0.1000   -0.0029
   100        1.4239             nan     0.1000   -0.0044
   120        1.3712             nan     0.1000   -0.0048
   140        1.3248             nan     0.1000   -0.0038
   150        1.3047             nan     0.1000   -0.0039

Iter   TrainDeviance   ValidDeviance   StepSize   Improve
     1        2.0794             nan     0.1000    0.1000
     2        2.0058             nan     0.1000    0.0707
     3        1.9525             nan     0.1000    0.0604
     4        1.9037             nan     0.1000    0.0575
     5        1.8617             nan     0.1000    0.0483
     6        1.8253             nan     0.1000    0.0381
     7        1.7933             nan     0.1000    0.0195
     8        1.7659             nan     0.1000    0.0308
     9        1.7366             nan     0.1000    0.0188
    10        1.7143             nan     0.1000    0.0174
    20        1.5344             nan     0.1000    0.0071
    40        1.3145             nan     0.1000    0.0016
    60        1.1542             nan     0.1000    0.0011
    80        1.0364             nan     0.1000   -0.0035
   100        0.9338             nan     0.1000   -0.0025
   120        0.8438             nan     0.1000   -0.0076
   140        0.7704             nan     0.1000   -0.0048
   150        0.7365             nan     0.1000   -0.0054

Iter   TrainDeviance   ValidDeviance   StepSize   Improve
     1        2.0794             nan     0.1000    0.1108
     2        1.9839             nan     0.1000    0.1163
     3        1.9066             nan     0.1000    0.0704
     4        1.8486             nan     0.1000    0.0610
     5        1.7967             nan     0.1000    0.0507
     6        1.7526             nan     0.1000    0.0494
     7        1.7086             nan     0.1000    0.0327
     8        1.6734             nan     0.1000    0.0417
     9        1.6360             nan     0.1000    0.0345
    10        1.6014             nan     0.1000    0.0217
    20        1.3703             nan     0.1000    0.0122
    40        1.0867             nan     0.1000    0.0043
    60        0.9054             nan     0.1000   -0.0003
    80        0.7633             nan     0.1000    0.0042
   100        0.6517             nan     0.1000   -0.0036
   120        0.5588             nan     0.1000   -0.0027
   140        0.4878             nan     0.1000   -0.0022
   150        0.4557             nan     0.1000   -0.0040

Iter   TrainDeviance   ValidDeviance   StepSize   Improve
     1        2.0794             nan     0.1000    0.0530
     2        2.0426             nan     0.1000    0.0505
     3        2.0103             nan     0.1000    0.0380
     4        1.9811             nan     0.1000    0.0361
     5        1.9553             nan     0.1000    0.0177
     6        1.9342             nan     0.1000    0.0256
     7        1.9151             nan     0.1000    0.0152
     8        1.8972             nan     0.1000    0.0196
     9        1.8796             nan     0.1000    0.0143
    10        1.8643             nan     0.1000    0.0105
    20        1.7677             nan     0.1000    0.0024
    40        1.6521             nan     0.1000   -0.0010
    60        1.5681             nan     0.1000   -0.0033
    80        1.4996             nan     0.1000   -0.0053
   100        1.4422             nan     0.1000   -0.0045
   120        1.3934             nan     0.1000   -0.0036
   140        1.3515             nan     0.1000   -0.0039
   150        1.3313             nan     0.1000   -0.0042

Iter   TrainDeviance   ValidDeviance   StepSize   Improve
     1        2.0794             nan     0.1000    0.1126
     2        2.0000             nan     0.1000    0.0829
     3        1.9423             nan     0.1000    0.0459
     4        1.9041             nan     0.1000    0.0503
     5        1.8663             nan     0.1000    0.0307
     6        1.8357             nan     0.1000    0.0305
     7        1.8063             nan     0.1000    0.0324
     8        1.7749             nan     0.1000    0.0287
     9        1.7487             nan     0.1000    0.0237
    10        1.7193             nan     0.1000    0.0184
    20        1.5482             nan     0.1000    0.0040
    40        1.3262             nan     0.1000    0.0011
    60        1.1761             nan     0.1000    0.0020
    80        1.0477             nan     0.1000   -0.0033
   100        0.9437             nan     0.1000   -0.0024
   120        0.8565             nan     0.1000   -0.0032
   140        0.7840             nan     0.1000   -0.0041
   150        0.7491             nan     0.1000   -0.0001

Iter   TrainDeviance   ValidDeviance   StepSize   Improve
     1        2.0794             nan     0.1000    0.1097
     2        1.9896             nan     0.1000    0.0881
     3        1.9181             nan     0.1000    0.0803
     4        1.8577             nan     0.1000    0.0534
     5        1.8102             nan     0.1000    0.0599
     6        1.7619             nan     0.1000    0.0359
     7        1.7287             nan     0.1000    0.0251
     8        1.6930             nan     0.1000    0.0322
     9        1.6588             nan     0.1000    0.0279
    10        1.6259             nan     0.1000    0.0332
    20        1.3876             nan     0.1000    0.0109
    40        1.1148             nan     0.1000    0.0023
    60        0.9276             nan     0.1000    0.0019
    80        0.7858             nan     0.1000   -0.0025
   100        0.6737             nan     0.1000   -0.0028
   120        0.5818             nan     0.1000   -0.0022
   140        0.5042             nan     0.1000   -0.0038
   150        0.4673             nan     0.1000   -0.0017

Iter   TrainDeviance   ValidDeviance   StepSize   Improve
     1        2.0794             nan     0.1000    0.0568
     2        2.0385             nan     0.1000    0.0470
     3        2.0056             nan     0.1000    0.0390
     4        1.9793             nan     0.1000    0.0321
     5        1.9554             nan     0.1000    0.0268
     6        1.9348             nan     0.1000    0.0165
     7        1.9166             nan     0.1000    0.0145
     8        1.9005             nan     0.1000    0.0156
     9        1.8862             nan     0.1000    0.0165
    10        1.8718             nan     0.1000    0.0169
    20        1.7714             nan     0.1000    0.0076
    40        1.6484             nan     0.1000    0.0002
    60        1.5583             nan     0.1000   -0.0059
    80        1.4915             nan     0.1000   -0.0048
   100        1.4346             nan     0.1000   -0.0051
   120        1.3824             nan     0.1000   -0.0035
   140        1.3404             nan     0.1000   -0.0026
   150        1.3201             nan     0.1000   -0.0040

Iter   TrainDeviance   ValidDeviance   StepSize   Improve
     1        2.0794             nan     0.1000    0.0757
     2        2.0226             nan     0.1000    0.0798
     3        1.9699             nan     0.1000    0.0647
     4        1.9217             nan     0.1000    0.0516
     5        1.8781             nan     0.1000    0.0427
     6        1.8429             nan     0.1000    0.0215
     7        1.8207             nan     0.1000    0.0304
     8        1.7933             nan     0.1000    0.0302
     9        1.7641             nan     0.1000    0.0160
    10        1.7417             nan     0.1000    0.0140
    20        1.5666             nan     0.1000    0.0045
    40        1.3431             nan     0.1000    0.0075
    60        1.1784             nan     0.1000   -0.0030
    80        1.0556             nan     0.1000   -0.0007
   100        0.9538             nan     0.1000   -0.0009
   120        0.8616             nan     0.1000   -0.0017
   140        0.7836             nan     0.1000   -0.0032
   150        0.7477             nan     0.1000   -0.0059

Iter   TrainDeviance   ValidDeviance   StepSize   Improve
     1        2.0794             nan     0.1000    0.1005
     2        1.9975             nan     0.1000    0.0933
     3        1.9295             nan     0.1000    0.0665
     4        1.8717             nan     0.1000    0.0485
     5        1.8269             nan     0.1000    0.0557
     6        1.7772             nan     0.1000    0.0427
     7        1.7350             nan     0.1000    0.0278
     8        1.7067             nan     0.1000    0.0315
     9        1.6727             nan     0.1000    0.0278
    10        1.6390             nan     0.1000    0.0266
    20        1.4003             nan     0.1000    0.0098
    40        1.1240             nan     0.1000    0.0059
    60        0.9428             nan     0.1000   -0.0032
    80        0.7978             nan     0.1000   -0.0041
   100        0.6792             nan     0.1000   -0.0015
   120        0.5825             nan     0.1000   -0.0036
   140        0.5040             nan     0.1000   -0.0030
   150        0.4695             nan     0.1000   -0.0015

Iter   TrainDeviance   ValidDeviance   StepSize   Improve
     1        2.0794             nan     0.1000    0.0540
     2        2.0386             nan     0.1000    0.0430
     3        2.0080             nan     0.1000    0.0443
     4        1.9785             nan     0.1000    0.0261
     5        1.9558             nan     0.1000    0.0284
     6        1.9346             nan     0.1000    0.0154
     7        1.9165             nan     0.1000    0.0150
     8        1.9003             nan     0.1000    0.0156
     9        1.8828             nan     0.1000    0.0151
    10        1.8675             nan     0.1000    0.0120
    20        1.7642             nan     0.1000    0.0009
    40        1.6462             nan     0.1000   -0.0007
    60        1.5622             nan     0.1000   -0.0038
    80        1.4978             nan     0.1000   -0.0038
   100        1.4446             nan     0.1000   -0.0068
   120        1.3955             nan     0.1000   -0.0057
   140        1.3502             nan     0.1000   -0.0038
   150        1.3291             nan     0.1000   -0.0056

Iter   TrainDeviance   ValidDeviance   StepSize   Improve
     1        2.0794             nan     0.1000    0.0769
     2        2.0132             nan     0.1000    0.0699
     3        1.9593             nan     0.1000    0.0520
     4        1.9175             nan     0.1000    0.0592
     5        1.8732             nan     0.1000    0.0411
     6        1.8359             nan     0.1000    0.0268
     7        1.8053             nan     0.1000    0.0370
     8        1.7754             nan     0.1000    0.0251
     9        1.7508             nan     0.1000    0.0282
    10        1.7247             nan     0.1000    0.0185
    20        1.5347             nan     0.1000    0.0045
    40        1.3230             nan     0.1000   -0.0006
    60        1.1629             nan     0.1000   -0.0029
    80        1.0380             nan     0.1000   -0.0031
   100        0.9360             nan     0.1000   -0.0033
   120        0.8473             nan     0.1000   -0.0049
   140        0.7683             nan     0.1000   -0.0025
   150        0.7313             nan     0.1000   -0.0010

Iter   TrainDeviance   ValidDeviance   StepSize   Improve
     1        2.0794             nan     0.1000    0.1114
     2        1.9938             nan     0.1000    0.0841
     3        1.9203             nan     0.1000    0.0650
     4        1.8653             nan     0.1000    0.0756
     5        1.8046             nan     0.1000    0.0449
     6        1.7603             nan     0.1000    0.0349
     7        1.7235             nan     0.1000    0.0276
     8        1.6908             nan     0.1000    0.0326
     9        1.6562             nan     0.1000    0.0238
    10        1.6279             nan     0.1000    0.0198
    20        1.3973             nan     0.1000    0.0129
    40        1.1164             nan     0.1000    0.0009
    60        0.9181             nan     0.1000   -0.0029
    80        0.7795             nan     0.1000   -0.0046
   100        0.6655             nan     0.1000   -0.0026
   120        0.5713             nan     0.1000   -0.0037
   140        0.4918             nan     0.1000   -0.0024
   150        0.4554             nan     0.1000   -0.0041

Iter   TrainDeviance   ValidDeviance   StepSize   Improve
     1        2.0794             nan     0.1000    0.0504
     2        2.0426             nan     0.1000    0.0408
     3        2.0092             nan     0.1000    0.0347
     4        1.9819             nan     0.1000    0.0309
     5        1.9581             nan     0.1000    0.0303
     6        1.9355             nan     0.1000    0.0218
     7        1.9153             nan     0.1000    0.0168
     8        1.9006             nan     0.1000    0.0154
     9        1.8856             nan     0.1000    0.0115
    10        1.8720             nan     0.1000    0.0091
    20        1.7732             nan     0.1000    0.0013
    40        1.6525             nan     0.1000   -0.0049
    60        1.5759             nan     0.1000   -0.0018
    80        1.5093             nan     0.1000   -0.0058
   100        1.4513             nan     0.1000   -0.0046
   120        1.4045             nan     0.1000   -0.0054
   140        1.3589             nan     0.1000   -0.0046
   150        1.3382             nan     0.1000   -0.0055

Iter   TrainDeviance   ValidDeviance   StepSize   Improve
     1        2.0794             nan     0.1000    0.0891
     2        2.0132             nan     0.1000    0.0731
     3        1.9580             nan     0.1000    0.0471
     4        1.9168             nan     0.1000    0.0453
     5        1.8747             nan     0.1000    0.0434
     6        1.8353             nan     0.1000    0.0325
     7        1.8046             nan     0.1000    0.0238
     8        1.7762             nan     0.1000    0.0144
     9        1.7531             nan     0.1000    0.0103
    10        1.7344             nan     0.1000    0.0215
    20        1.5683             nan     0.1000    0.0063
    40        1.3414             nan     0.1000   -0.0038
    60        1.1898             nan     0.1000   -0.0025
    80        1.0613             nan     0.1000   -0.0032
   100        0.9496             nan     0.1000   -0.0015
   120        0.8560             nan     0.1000   -0.0047
   140        0.7771             nan     0.1000   -0.0018
   150        0.7424             nan     0.1000   -0.0013

Iter   TrainDeviance   ValidDeviance   StepSize   Improve
     1        2.0794             nan     0.1000    0.1118
     2        1.9842             nan     0.1000    0.0829
     3        1.9147             nan     0.1000    0.0563
     4        1.8628             nan     0.1000    0.0537
     5        1.8093             nan     0.1000    0.0551
     6        1.7640             nan     0.1000    0.0455
     7        1.7237             nan     0.1000    0.0322
     8        1.6913             nan     0.1000    0.0271
     9        1.6598             nan     0.1000    0.0179
    10        1.6344             nan     0.1000    0.0177
    20        1.3985             nan     0.1000    0.0169
    40        1.1115             nan     0.1000    0.0037
    60        0.9237             nan     0.1000   -0.0002
    80        0.7813             nan     0.1000   -0.0030
   100        0.6640             nan     0.1000   -0.0006
   120        0.5700             nan     0.1000   -0.0044
   140        0.4959             nan     0.1000   -0.0032
   150        0.4631             nan     0.1000   -0.0037

Iter   TrainDeviance   ValidDeviance   StepSize   Improve
     1        2.0794             nan     0.1000    0.0781
     2        2.0314             nan     0.1000    0.0591
     3        1.9973             nan     0.1000    0.0338
     4        1.9700             nan     0.1000    0.0316
     5        1.9448             nan     0.1000    0.0379
     6        1.9208             nan     0.1000    0.0334
     7        1.8987             nan     0.1000    0.0166
     8        1.8830             nan     0.1000    0.0173
     9        1.8671             nan     0.1000    0.0186
    10        1.8516             nan     0.1000    0.0186
    20        1.7481             nan     0.1000    0.0042
    40        1.6252             nan     0.1000   -0.0067
    60        1.5418             nan     0.1000   -0.0033
    80        1.4804             nan     0.1000   -0.0062
   100        1.4264             nan     0.1000   -0.0060
   120        1.3780             nan     0.1000   -0.0056
   140        1.3338             nan     0.1000   -0.0033
   150        1.3152             nan     0.1000   -0.0094

Iter   TrainDeviance   ValidDeviance   StepSize   Improve
     1        2.0794             nan     0.1000    0.1174
     2        1.9945             nan     0.1000    0.0782
     3        1.9372             nan     0.1000    0.0530
     4        1.8967             nan     0.1000    0.0435
     5        1.8596             nan     0.1000    0.0477
     6        1.8238             nan     0.1000    0.0378
     7        1.7904             nan     0.1000    0.0188
     8        1.7653             nan     0.1000    0.0245
     9        1.7389             nan     0.1000    0.0249
    10        1.7147             nan     0.1000    0.0133
    20        1.5469             nan     0.1000   -0.0002
    40        1.3305             nan     0.1000    0.0000
    60        1.1749             nan     0.1000   -0.0019
    80        1.0494             nan     0.1000   -0.0023
   100        0.9532             nan     0.1000   -0.0023
   120        0.8689             nan     0.1000   -0.0015
   140        0.7963             nan     0.1000   -0.0032
   150        0.7624             nan     0.1000   -0.0044

Iter   TrainDeviance   ValidDeviance   StepSize   Improve
     1        2.0794             nan     0.1000    0.1586
     2        1.9735             nan     0.1000    0.0853
     3        1.9019             nan     0.1000    0.0751
     4        1.8379             nan     0.1000    0.0658
     5        1.7817             nan     0.1000    0.0481
     6        1.7397             nan     0.1000    0.0481
     7        1.6994             nan     0.1000    0.0290
     8        1.6685             nan     0.1000    0.0405
     9        1.6304             nan     0.1000    0.0248
    10        1.6038             nan     0.1000    0.0327
    20        1.3870             nan     0.1000    0.0096
    40        1.1167             nan     0.1000    0.0016
    60        0.9406             nan     0.1000    0.0005
    80        0.8017             nan     0.1000   -0.0008
   100        0.6885             nan     0.1000   -0.0043
   120        0.5998             nan     0.1000   -0.0032
   140        0.5210             nan     0.1000   -0.0021
   150        0.4859             nan     0.1000   -0.0019

Iter   TrainDeviance   ValidDeviance   StepSize   Improve
     1        2.0794             nan     0.1000    0.0615
     2        2.0359             nan     0.1000    0.0410
     3        2.0050             nan     0.1000    0.0369
     4        1.9772             nan     0.1000    0.0388
     5        1.9500             nan     0.1000    0.0287
     6        1.9285             nan     0.1000    0.0259
     7        1.9090             nan     0.1000    0.0217
     8        1.8891             nan     0.1000    0.0189
     9        1.8718             nan     0.1000    0.0153
    10        1.8563             nan     0.1000    0.0132
    20        1.7530             nan     0.1000    0.0025
    40        1.6280             nan     0.1000   -0.0016
    60        1.5414             nan     0.1000   -0.0014
    80        1.4709             nan     0.1000   -0.0035
   100        1.4178             nan     0.1000   -0.0056
   120        1.3675             nan     0.1000   -0.0038
   140        1.3200             nan     0.1000   -0.0053
   150        1.3004             nan     0.1000   -0.0047

Iter   TrainDeviance   ValidDeviance   StepSize   Improve
     1        2.0794             nan     0.1000    0.0941
     2        2.0104             nan     0.1000    0.0776
     3        1.9490             nan     0.1000    0.0670
     4        1.8986             nan     0.1000    0.0511
     5        1.8542             nan     0.1000    0.0419
     6        1.8154             nan     0.1000    0.0408
     7        1.7800             nan     0.1000    0.0200
     8        1.7563             nan     0.1000    0.0184
     9        1.7298             nan     0.1000    0.0196
    10        1.7041             nan     0.1000    0.0183
    20        1.5254             nan     0.1000    0.0065
    40        1.3013             nan     0.1000   -0.0022
    60        1.1465             nan     0.1000   -0.0005
    80        1.0253             nan     0.1000   -0.0027
   100        0.9207             nan     0.1000   -0.0044
   120        0.8311             nan     0.1000   -0.0047
   140        0.7557             nan     0.1000   -0.0021
   150        0.7235             nan     0.1000   -0.0047

Iter   TrainDeviance   ValidDeviance   StepSize   Improve
     1        2.0794             nan     0.1000    0.1222
     2        1.9849             nan     0.1000    0.0850
     3        1.9055             nan     0.1000    0.0913
     4        1.8343             nan     0.1000    0.0636
     5        1.7828             nan     0.1000    0.0555
     6        1.7379             nan     0.1000    0.0411
     7        1.6973             nan     0.1000    0.0335
     8        1.6617             nan     0.1000    0.0326
     9        1.6262             nan     0.1000    0.0218
    10        1.5993             nan     0.1000    0.0181
    20        1.3650             nan     0.1000    0.0137
    40        1.0813             nan     0.1000    0.0008
    60        0.8969             nan     0.1000   -0.0021
    80        0.7583             nan     0.1000   -0.0027
   100        0.6414             nan     0.1000   -0.0037
   120        0.5544             nan     0.1000   -0.0059
   140        0.4794             nan     0.1000   -0.0043
   150        0.4473             nan     0.1000   -0.0036

Iter   TrainDeviance   ValidDeviance   StepSize   Improve
     1        2.0794             nan     0.1000    0.0579
     2        2.0418             nan     0.1000    0.0427
     3        2.0099             nan     0.1000    0.0302
     4        1.9836             nan     0.1000    0.0237
     5        1.9608             nan     0.1000    0.0262
     6        1.9352             nan     0.1000    0.0198
     7        1.9186             nan     0.1000    0.0117
     8        1.9024             nan     0.1000    0.0104
     9        1.8879             nan     0.1000    0.0055
    10        1.8771             nan     0.1000    0.0133
    20        1.7663             nan     0.1000    0.0039
    40        1.6414             nan     0.1000   -0.0028
    60        1.5569             nan     0.1000    0.0001
    80        1.4876             nan     0.1000   -0.0030
   100        1.4326             nan     0.1000   -0.0020
   120        1.3783             nan     0.1000   -0.0079
   140        1.3333             nan     0.1000   -0.0036
   150        1.3128             nan     0.1000   -0.0058

Iter   TrainDeviance   ValidDeviance   StepSize   Improve
     1        2.0794             nan     0.1000    0.0930
     2        2.0105             nan     0.1000    0.0781
     3        1.9539             nan     0.1000    0.0457
     4        1.9115             nan     0.1000    0.0473
     5        1.8695             nan     0.1000    0.0307
     6        1.8386             nan     0.1000    0.0359
     7        1.8077             nan     0.1000    0.0215
     8        1.7824             nan     0.1000    0.0269
     9        1.7525             nan     0.1000    0.0236
    10        1.7270             nan     0.1000    0.0236
    20        1.5431             nan     0.1000    0.0142
    40        1.3201             nan     0.1000   -0.0003
    60        1.1593             nan     0.1000   -0.0043
    80        1.0310             nan     0.1000    0.0004
   100        0.9350             nan     0.1000   -0.0013
   120        0.8459             nan     0.1000   -0.0058
   140        0.7752             nan     0.1000   -0.0046
   150        0.7436             nan     0.1000   -0.0017

Iter   TrainDeviance   ValidDeviance   StepSize   Improve
     1        2.0794             nan     0.1000    0.1116
     2        2.0006             nan     0.1000    0.0890
     3        1.9279             nan     0.1000    0.0850
     4        1.8650             nan     0.1000    0.0626
     5        1.8170             nan     0.1000    0.0689
     6        1.7641             nan     0.1000    0.0381
     7        1.7208             nan     0.1000    0.0376
     8        1.6864             nan     0.1000    0.0382
     9        1.6544             nan     0.1000    0.0219
    10        1.6255             nan     0.1000    0.0346
    20        1.3949             nan     0.1000    0.0111
    40        1.1096             nan     0.1000    0.0022
    60        0.9266             nan     0.1000   -0.0007
    80        0.7854             nan     0.1000   -0.0001
   100        0.6731             nan     0.1000   -0.0047
   120        0.5872             nan     0.1000   -0.0061
   140        0.5129             nan     0.1000   -0.0030
   150        0.4799             nan     0.1000   -0.0052

Iter   TrainDeviance   ValidDeviance   StepSize   Improve
     1        2.0794             nan     0.1000    0.0481
     2        2.0438             nan     0.1000    0.0375
     3        2.0136             nan     0.1000    0.0405
     4        1.9844             nan     0.1000    0.0332
     5        1.9562             nan     0.1000    0.0257
     6        1.9353             nan     0.1000    0.0188
     7        1.9169             nan     0.1000    0.0208
     8        1.8996             nan     0.1000    0.0175
     9        1.8808             nan     0.1000    0.0138
    10        1.8676             nan     0.1000    0.0116
    20        1.7720             nan     0.1000    0.0026
    40        1.6504             nan     0.1000   -0.0032
    60        1.5627             nan     0.1000   -0.0034
    80        1.4900             nan     0.1000   -0.0013
   100        1.4317             nan     0.1000   -0.0057
   120        1.3764             nan     0.1000   -0.0021
   140        1.3287             nan     0.1000   -0.0031
   150        1.3082             nan     0.1000   -0.0067

Iter   TrainDeviance   ValidDeviance   StepSize   Improve
     1        2.0794             nan     0.1000    0.0845
     2        2.0180             nan     0.1000    0.0722
     3        1.9670             nan     0.1000    0.0638
     4        1.9204             nan     0.1000    0.0518
     5        1.8796             nan     0.1000    0.0263
     6        1.8495             nan     0.1000    0.0211
     7        1.8215             nan     0.1000    0.0315
     8        1.7906             nan     0.1000    0.0305
     9        1.7608             nan     0.1000    0.0256
    10        1.7340             nan     0.1000    0.0253
    20        1.5427             nan     0.1000    0.0106
    40        1.2976             nan     0.1000   -0.0021
    60        1.1388             nan     0.1000    0.0017
    80        1.0239             nan     0.1000   -0.0027
   100        0.9212             nan     0.1000   -0.0024
   120        0.8364             nan     0.1000   -0.0035
   140        0.7627             nan     0.1000   -0.0035
   150        0.7298             nan     0.1000   -0.0024

Iter   TrainDeviance   ValidDeviance   StepSize   Improve
     1        2.0794             nan     0.1000    0.1172
     2        1.9869             nan     0.1000    0.0687
     3        1.9214             nan     0.1000    0.0669
     4        1.8680             nan     0.1000    0.0630
     5        1.8131             nan     0.1000    0.0405
     6        1.7673             nan     0.1000    0.0419
     7        1.7313             nan     0.1000    0.0322
     8        1.7001             nan     0.1000    0.0330
     9        1.6658             nan     0.1000    0.0387
    10        1.6305             nan     0.1000    0.0284
    20        1.3927             nan     0.1000    0.0091
    40        1.1064             nan     0.1000    0.0057
    60        0.9143             nan     0.1000   -0.0028
    80        0.7651             nan     0.1000   -0.0057
   100        0.6549             nan     0.1000   -0.0039
   120        0.5650             nan     0.1000   -0.0046
   140        0.4877             nan     0.1000   -0.0028
   150        0.4562             nan     0.1000   -0.0024

Iter   TrainDeviance   ValidDeviance   StepSize   Improve
     1        2.0794             nan     0.1000    0.0670
     2        2.0330             nan     0.1000    0.0474
     3        1.9960             nan     0.1000    0.0348
     4        1.9685             nan     0.1000    0.0325
     5        1.9456             nan     0.1000    0.0251
     6        1.9243             nan     0.1000    0.0247
     7        1.9035             nan     0.1000    0.0184
     8        1.8865             nan     0.1000    0.0156
     9        1.8691             nan     0.1000    0.0162
    10        1.8520             nan     0.1000    0.0068
    20        1.7566             nan     0.1000    0.0033
    40        1.6316             nan     0.1000    0.0011
    60        1.5495             nan     0.1000   -0.0034
    80        1.4880             nan     0.1000   -0.0027
   100        1.4272             nan     0.1000   -0.0064
   120        1.3800             nan     0.1000   -0.0057
   140        1.3400             nan     0.1000   -0.0033
   150        1.3190             nan     0.1000   -0.0027

Iter   TrainDeviance   ValidDeviance   StepSize   Improve
     1        2.0794             nan     0.1000    0.1110
     2        2.0063             nan     0.1000    0.0615
     3        1.9521             nan     0.1000    0.0607
     4        1.9073             nan     0.1000    0.0421
     5        1.8714             nan     0.1000    0.0428
     6        1.8361             nan     0.1000    0.0305
     7        1.8053             nan     0.1000    0.0310
     8        1.7736             nan     0.1000    0.0192
     9        1.7477             nan     0.1000    0.0282
    10        1.7215             nan     0.1000    0.0276
    20        1.5402             nan     0.1000    0.0004
    40        1.3235             nan     0.1000    0.0045
    60        1.1721             nan     0.1000   -0.0009
    80        1.0544             nan     0.1000   -0.0008
   100        0.9565             nan     0.1000   -0.0057
   120        0.8747             nan     0.1000   -0.0004
   140        0.7991             nan     0.1000   -0.0039
   150        0.7638             nan     0.1000   -0.0030

Iter   TrainDeviance   ValidDeviance   StepSize   Improve
     1        2.0794             nan     0.1000    0.1350
     2        1.9860             nan     0.1000    0.0943
     3        1.9110             nan     0.1000    0.0726
     4        1.8466             nan     0.1000    0.0627
     5        1.7927             nan     0.1000    0.0476
     6        1.7447             nan     0.1000    0.0402
     7        1.7031             nan     0.1000    0.0368
     8        1.6664             nan     0.1000    0.0315
     9        1.6314             nan     0.1000    0.0169
    10        1.6050             nan     0.1000    0.0236
    20        1.3827             nan     0.1000    0.0072
    40        1.1113             nan     0.1000    0.0034
    60        0.9298             nan     0.1000   -0.0008
    80        0.7910             nan     0.1000   -0.0065
   100        0.6845             nan     0.1000   -0.0020
   120        0.5918             nan     0.1000   -0.0010
   140        0.5112             nan     0.1000   -0.0057
   150        0.4806             nan     0.1000   -0.0023

Iter   TrainDeviance   ValidDeviance   StepSize   Improve
     1        2.0794             nan     0.1000    0.0763
     2        2.0330             nan     0.1000    0.0550
     3        1.9956             nan     0.1000    0.0442
     4        1.9681             nan     0.1000    0.0355
     5        1.9434             nan     0.1000    0.0312
     6        1.9216             nan     0.1000    0.0234
     7        1.9025             nan     0.1000    0.0138
     8        1.8853             nan     0.1000    0.0087
     9        1.8709             nan     0.1000    0.0155
    10        1.8570             nan     0.1000    0.0120
    20        1.7512             nan     0.1000    0.0027
    40        1.6267             nan     0.1000    0.0001
    60        1.5413             nan     0.1000   -0.0003
    80        1.4726             nan     0.1000   -0.0024
   100        1.4140             nan     0.1000   -0.0047
   120        1.3674             nan     0.1000   -0.0037
   140        1.3209             nan     0.1000   -0.0073
   150        1.3029             nan     0.1000   -0.0041

Iter   TrainDeviance   ValidDeviance   StepSize   Improve
     1        2.0794             nan     0.1000    0.1075
     2        2.0040             nan     0.1000    0.0784
     3        1.9448             nan     0.1000    0.0642
     4        1.8989             nan     0.1000    0.0408
     5        1.8621             nan     0.1000    0.0461
     6        1.8267             nan     0.1000    0.0306
     7        1.7954             nan     0.1000    0.0356
     8        1.7614             nan     0.1000    0.0200
     9        1.7325             nan     0.1000    0.0285
    10        1.7070             nan     0.1000    0.0215
    20        1.5307             nan     0.1000    0.0088
    40        1.3116             nan     0.1000   -0.0021
    60        1.1572             nan     0.1000    0.0003
    80        1.0330             nan     0.1000   -0.0038
   100        0.9289             nan     0.1000   -0.0051
   120        0.8413             nan     0.1000   -0.0020
   140        0.7731             nan     0.1000   -0.0054
   150        0.7361             nan     0.1000   -0.0040

Iter   TrainDeviance   ValidDeviance   StepSize   Improve
     1        2.0794             nan     0.1000    0.1346
     2        1.9830             nan     0.1000    0.0967
     3        1.9135             nan     0.1000    0.0840
     4        1.8465             nan     0.1000    0.0603
     5        1.7970             nan     0.1000    0.0606
     6        1.7474             nan     0.1000    0.0292
     7        1.7094             nan     0.1000    0.0357
     8        1.6708             nan     0.1000    0.0244
     9        1.6388             nan     0.1000    0.0379
    10        1.6051             nan     0.1000    0.0265
    20        1.3863             nan     0.1000    0.0090
    40        1.0983             nan     0.1000    0.0000
    60        0.9072             nan     0.1000   -0.0036
    80        0.7736             nan     0.1000   -0.0031
   100        0.6608             nan     0.1000   -0.0020
   120        0.5688             nan     0.1000   -0.0033
   140        0.4939             nan     0.1000   -0.0025
   150        0.4605             nan     0.1000   -0.0049

Iter   TrainDeviance   ValidDeviance   StepSize   Improve
     1        2.0794             nan     0.1000    0.0594
     2        2.0407             nan     0.1000    0.0402
     3        2.0098             nan     0.1000    0.0421
     4        1.9776             nan     0.1000    0.0289
     5        1.9546             nan     0.1000    0.0269
     6        1.9333             nan     0.1000    0.0246
     7        1.9128             nan     0.1000    0.0190
     8        1.8948             nan     0.1000    0.0066
     9        1.8822             nan     0.1000    0.0165
    10        1.8658             nan     0.1000    0.0156
    20        1.7511             nan     0.1000    0.0034
    40        1.6159             nan     0.1000    0.0009
    60        1.5277             nan     0.1000    0.0008
    80        1.4549             nan     0.1000   -0.0019
   100        1.3960             nan     0.1000   -0.0030
   120        1.3453             nan     0.1000   -0.0045
   140        1.2986             nan     0.1000   -0.0034
   150        1.2765             nan     0.1000   -0.0042

Iter   TrainDeviance   ValidDeviance   StepSize   Improve
     1        2.0794             nan     0.1000    0.0954
     2        2.0125             nan     0.1000    0.0779
     3        1.9546             nan     0.1000    0.0579
     4        1.9073             nan     0.1000    0.0573
     5        1.8645             nan     0.1000    0.0390
     6        1.8309             nan     0.1000    0.0411
     7        1.7929             nan     0.1000    0.0250
     8        1.7636             nan     0.1000    0.0253
     9        1.7378             nan     0.1000    0.0296
    10        1.7117             nan     0.1000    0.0201
    20        1.5296             nan     0.1000   -0.0016
    40        1.2955             nan     0.1000    0.0012
    60        1.1279             nan     0.1000   -0.0037
    80        1.0000             nan     0.1000   -0.0067
   100        0.9032             nan     0.1000   -0.0020
   120        0.8225             nan     0.1000   -0.0028
   140        0.7504             nan     0.1000   -0.0012
   150        0.7180             nan     0.1000   -0.0059

Iter   TrainDeviance   ValidDeviance   StepSize   Improve
     1        2.0794             nan     0.1000    0.1290
     2        1.9844             nan     0.1000    0.0990
     3        1.9152             nan     0.1000    0.0660
     4        1.8582             nan     0.1000    0.0635
     5        1.8045             nan     0.1000    0.0490
     6        1.7576             nan     0.1000    0.0532
     7        1.7122             nan     0.1000    0.0392
     8        1.6718             nan     0.1000    0.0283
     9        1.6317             nan     0.1000    0.0257
    10        1.6009             nan     0.1000    0.0300
    20        1.3827             nan     0.1000    0.0045
    40        1.0891             nan     0.1000    0.0007
    60        0.9039             nan     0.1000    0.0025
    80        0.7645             nan     0.1000   -0.0012
   100        0.6558             nan     0.1000   -0.0020
   120        0.5623             nan     0.1000   -0.0052
   140        0.4905             nan     0.1000   -0.0029
   150        0.4573             nan     0.1000   -0.0022

Iter   TrainDeviance   ValidDeviance   StepSize   Improve
     1        2.0794             nan     0.1000    0.0659
     2        2.0335             nan     0.1000    0.0534
     3        1.9933             nan     0.1000    0.0457
     4        1.9600             nan     0.1000    0.0451
     5        1.9330             nan     0.1000    0.0325
     6        1.9110             nan     0.1000    0.0289
     7        1.8893             nan     0.1000    0.0129
     8        1.8743             nan     0.1000    0.0189
     9        1.8577             nan     0.1000    0.0136
    10        1.8422             nan     0.1000    0.0136
    20        1.7331             nan     0.1000    0.0012
    40        1.6107             nan     0.1000   -0.0031
    60        1.5205             nan     0.1000   -0.0018
    80        1.4455             nan     0.1000   -0.0017
   100        1.3866             nan     0.1000   -0.0043
   120        1.3322             nan     0.1000   -0.0048
   140        1.2842             nan     0.1000   -0.0050
   150        1.2605             nan     0.1000   -0.0042

Iter   TrainDeviance   ValidDeviance   StepSize   Improve
     1        2.0794             nan     0.1000    0.1051
     2        2.0058             nan     0.1000    0.0811
     3        1.9424             nan     0.1000    0.0683
     4        1.8942             nan     0.1000    0.0522
     5        1.8517             nan     0.1000    0.0386
     6        1.8188             nan     0.1000    0.0239
     7        1.7903             nan     0.1000    0.0350
     8        1.7580             nan     0.1000    0.0289
     9        1.7320             nan     0.1000    0.0241
    10        1.7084             nan     0.1000    0.0326
    20        1.5229             nan     0.1000    0.0066
    40        1.2924             nan     0.1000   -0.0006
    60        1.1367             nan     0.1000    0.0022
    80        1.0024             nan     0.1000   -0.0019
   100        0.8997             nan     0.1000   -0.0011
   120        0.8148             nan     0.1000   -0.0044
   140        0.7390             nan     0.1000   -0.0038
   150        0.7079             nan     0.1000   -0.0071

Iter   TrainDeviance   ValidDeviance   StepSize   Improve
     1        2.0794             nan     0.1000    0.1431
     2        1.9726             nan     0.1000    0.0898
     3        1.9013             nan     0.1000    0.0872
     4        1.8280             nan     0.1000    0.0642
     5        1.7758             nan     0.1000    0.0513
     6        1.7287             nan     0.1000    0.0354
     7        1.6931             nan     0.1000    0.0432
     8        1.6534             nan     0.1000    0.0359
     9        1.6187             nan     0.1000    0.0177
    10        1.5903             nan     0.1000    0.0233
    20        1.3614             nan     0.1000    0.0101
    40        1.0871             nan     0.1000    0.0028
    60        0.8859             nan     0.1000   -0.0020
    80        0.7465             nan     0.1000   -0.0036
   100        0.6363             nan     0.1000   -0.0046
   120        0.5484             nan     0.1000   -0.0057
   140        0.4728             nan     0.1000   -0.0050
   150        0.4412             nan     0.1000   -0.0037

Iter   TrainDeviance   ValidDeviance   StepSize   Improve
     1        2.0794             nan     0.1000    0.0518
     2        2.0432             nan     0.1000    0.0466
     3        2.0087             nan     0.1000    0.0303
     4        1.9791             nan     0.1000    0.0272
     5        1.9560             nan     0.1000    0.0289
     6        1.9331             nan     0.1000    0.0222
     7        1.9123             nan     0.1000    0.0151
     8        1.8981             nan     0.1000    0.0202
     9        1.8816             nan     0.1000    0.0154
    10        1.8678             nan     0.1000    0.0115
    20        1.7667             nan     0.1000    0.0028
    40        1.6424             nan     0.1000   -0.0005
    60        1.5596             nan     0.1000   -0.0043
    80        1.4908             nan     0.1000   -0.0033
   100        1.4289             nan     0.1000   -0.0041
   120        1.3797             nan     0.1000   -0.0036
   140        1.3341             nan     0.1000   -0.0040
   150        1.3126             nan     0.1000   -0.0046

Iter   TrainDeviance   ValidDeviance   StepSize   Improve
     1        2.0794             nan     0.1000    0.0980
     2        2.0114             nan     0.1000    0.0744
     3        1.9525             nan     0.1000    0.0650
     4        1.9065             nan     0.1000    0.0453
     5        1.8680             nan     0.1000    0.0353
     6        1.8342             nan     0.1000    0.0437
     7        1.8016             nan     0.1000    0.0260
     8        1.7739             nan     0.1000    0.0322
     9        1.7457             nan     0.1000    0.0205
    10        1.7248             nan     0.1000    0.0216
    20        1.5512             nan     0.1000    0.0128
    40        1.3373             nan     0.1000    0.0001
    60        1.1775             nan     0.1000    0.0003
    80        1.0414             nan     0.1000   -0.0019
   100        0.9340             nan     0.1000   -0.0040
   120        0.8417             nan     0.1000   -0.0008
   140        0.7636             nan     0.1000   -0.0023
   150        0.7306             nan     0.1000   -0.0028

Iter   TrainDeviance   ValidDeviance   StepSize   Improve
     1        2.0794             nan     0.1000    0.1395
     2        1.9849             nan     0.1000    0.1013
     3        1.9089             nan     0.1000    0.0694
     4        1.8516             nan     0.1000    0.0410
     5        1.8034             nan     0.1000    0.0554
     6        1.7572             nan     0.1000    0.0504
     7        1.7141             nan     0.1000    0.0400
     8        1.6764             nan     0.1000    0.0405
     9        1.6440             nan     0.1000    0.0287
    10        1.6140             nan     0.1000    0.0246
    20        1.3890             nan     0.1000    0.0090
    40        1.1041             nan     0.1000    0.0032
    60        0.9086             nan     0.1000   -0.0032
    80        0.7670             nan     0.1000    0.0009
   100        0.6565             nan     0.1000   -0.0017
   120        0.5671             nan     0.1000   -0.0025
   140        0.4848             nan     0.1000   -0.0052
   150        0.4547             nan     0.1000   -0.0017

Iter   TrainDeviance   ValidDeviance   StepSize   Improve
     1        2.0794             nan     0.1000    0.0599
     2        2.0351             nan     0.1000    0.0456
     3        2.0009             nan     0.1000    0.0398
     4        1.9728             nan     0.1000    0.0297
     5        1.9465             nan     0.1000    0.0212
     6        1.9233             nan     0.1000    0.0248
     7        1.9040             nan     0.1000    0.0185
     8        1.8888             nan     0.1000    0.0257
     9        1.8720             nan     0.1000    0.0158
    10        1.8562             nan     0.1000    0.0135
    20        1.7510             nan     0.1000   -0.0003
    40        1.6212             nan     0.1000   -0.0016
    60        1.5269             nan     0.1000    0.0000
    80        1.4606             nan     0.1000   -0.0048
   100        1.4014             nan     0.1000   -0.0029
   120        1.3548             nan     0.1000   -0.0046
   140        1.3106             nan     0.1000   -0.0061
   150        1.2894             nan     0.1000   -0.0054

Iter   TrainDeviance   ValidDeviance   StepSize   Improve
     1        2.0794             nan     0.1000    0.1166
     2        2.0057             nan     0.1000    0.0727
     3        1.9508             nan     0.1000    0.0699
     4        1.8997             nan     0.1000    0.0471
     5        1.8603             nan     0.1000    0.0446
     6        1.8229             nan     0.1000    0.0357
     7        1.7905             nan     0.1000    0.0314
     8        1.7590             nan     0.1000    0.0310
     9        1.7300             nan     0.1000    0.0217
    10        1.7068             nan     0.1000    0.0207
    20        1.5301             nan     0.1000    0.0042
    40        1.2956             nan     0.1000    0.0018
    60        1.1242             nan     0.1000   -0.0001
    80        0.9995             nan     0.1000    0.0002
   100        0.9009             nan     0.1000   -0.0037
   120        0.8164             nan     0.1000   -0.0045
   140        0.7442             nan     0.1000   -0.0028
   150        0.7115             nan     0.1000   -0.0025

Iter   TrainDeviance   ValidDeviance   StepSize   Improve
     1        2.0794             nan     0.1000    0.1361
     2        1.9789             nan     0.1000    0.1131
     3        1.8984             nan     0.1000    0.0802
     4        1.8374             nan     0.1000    0.0680
     5        1.7850             nan     0.1000    0.0551
     6        1.7402             nan     0.1000    0.0575
     7        1.6917             nan     0.1000    0.0305
     8        1.6553             nan     0.1000    0.0311
     9        1.6256             nan     0.1000    0.0288
    10        1.5933             nan     0.1000    0.0200
    20        1.3735             nan     0.1000    0.0147
    40        1.0898             nan     0.1000    0.0081
    60        0.9083             nan     0.1000   -0.0042
    80        0.7648             nan     0.1000   -0.0020
   100        0.6527             nan     0.1000   -0.0055
   120        0.5580             nan     0.1000   -0.0037
   140        0.4812             nan     0.1000   -0.0056
   150        0.4469             nan     0.1000   -0.0029

Iter   TrainDeviance   ValidDeviance   StepSize   Improve
     1        2.0794             nan     0.1000    0.0540
     2        2.0404             nan     0.1000    0.0449
     3        2.0084             nan     0.1000    0.0414
     4        1.9811             nan     0.1000    0.0338
     5        1.9573             nan     0.1000    0.0274
     6        1.9363             nan     0.1000    0.0191
     7        1.9190             nan     0.1000    0.0145
     8        1.8995             nan     0.1000    0.0191
     9        1.8813             nan     0.1000    0.0204
    10        1.8651             nan     0.1000    0.0116
    20        1.7668             nan     0.1000    0.0039
    40        1.6478             nan     0.1000   -0.0002
    60        1.5683             nan     0.1000   -0.0040
    80        1.5044             nan     0.1000   -0.0036
   100        1.4522             nan     0.1000   -0.0050
   120        1.4077             nan     0.1000   -0.0052
   140        1.3671             nan     0.1000   -0.0049
   150        1.3479             nan     0.1000   -0.0057

Iter   TrainDeviance   ValidDeviance   StepSize   Improve
     1        2.0794             nan     0.1000    0.0855
     2        2.0142             nan     0.1000    0.0659
     3        1.9591             nan     0.1000    0.0581
     4        1.9130             nan     0.1000    0.0403
     5        1.8701             nan     0.1000    0.0501
     6        1.8328             nan     0.1000    0.0253
     7        1.8051             nan     0.1000    0.0341
     8        1.7752             nan     0.1000    0.0269
     9        1.7504             nan     0.1000    0.0256
    10        1.7239             nan     0.1000    0.0220
    20        1.5569             nan     0.1000    0.0121
    40        1.3463             nan     0.1000   -0.0033
    60        1.1972             nan     0.1000    0.0003
    80        1.0704             nan     0.1000   -0.0052
   100        0.9680             nan     0.1000   -0.0028
   120        0.8762             nan     0.1000   -0.0058
   140        0.8053             nan     0.1000   -0.0046
   150        0.7699             nan     0.1000   -0.0043

Iter   TrainDeviance   ValidDeviance   StepSize   Improve
     1        2.0794             nan     0.1000    0.1155
     2        1.9936             nan     0.1000    0.0954
     3        1.9204             nan     0.1000    0.0771
     4        1.8583             nan     0.1000    0.0489
     5        1.8107             nan     0.1000    0.0455
     6        1.7639             nan     0.1000    0.0381
     7        1.7264             nan     0.1000    0.0322
     8        1.6890             nan     0.1000    0.0225
     9        1.6529             nan     0.1000    0.0202
    10        1.6257             nan     0.1000    0.0272
    20        1.4179             nan     0.1000    0.0124
    40        1.1445             nan     0.1000   -0.0024
    60        0.9551             nan     0.1000   -0.0024
    80        0.8095             nan     0.1000   -0.0012
   100        0.6947             nan     0.1000    0.0014
   120        0.6038             nan     0.1000   -0.0042
   140        0.5231             nan     0.1000   -0.0053
   150        0.4868             nan     0.1000   -0.0015

Iter   TrainDeviance   ValidDeviance   StepSize   Improve
     1        2.0794             nan     0.1000    0.0581
     2        2.0375             nan     0.1000    0.0430
     3        2.0033             nan     0.1000    0.0437
     4        1.9735             nan     0.1000    0.0362
     5        1.9469             nan     0.1000    0.0336
     6        1.9240             nan     0.1000    0.0180
     7        1.9060             nan     0.1000    0.0272
     8        1.8859             nan     0.1000    0.0161
     9        1.8713             nan     0.1000    0.0180
    10        1.8534             nan     0.1000    0.0153
    20        1.7481             nan     0.1000    0.0014
    40        1.6266             nan     0.1000   -0.0018
    60        1.5439             nan     0.1000   -0.0020
    80        1.4773             nan     0.1000   -0.0053
   100        1.4194             nan     0.1000   -0.0054
   120        1.3686             nan     0.1000   -0.0032
   140        1.3215             nan     0.1000   -0.0053
   150        1.3012             nan     0.1000   -0.0019

Iter   TrainDeviance   ValidDeviance   StepSize   Improve
     1        2.0794             nan     0.1000    0.0915
     2        2.0098             nan     0.1000    0.0832
     3        1.9505             nan     0.1000    0.0590
     4        1.9029             nan     0.1000    0.0507
     5        1.8581             nan     0.1000    0.0384
     6        1.8253             nan     0.1000    0.0309
     7        1.7940             nan     0.1000    0.0245
     8        1.7678             nan     0.1000    0.0334
     9        1.7372             nan     0.1000    0.0253
    10        1.7062             nan     0.1000    0.0170
    20        1.5313             nan     0.1000    0.0060
    40        1.3137             nan     0.1000    0.0013
    60        1.1522             nan     0.1000   -0.0016
    80        1.0322             nan     0.1000   -0.0049
   100        0.9347             nan     0.1000   -0.0024
   120        0.8450             nan     0.1000   -0.0028
   140        0.7728             nan     0.1000   -0.0062
   150        0.7373             nan     0.1000   -0.0017

Iter   TrainDeviance   ValidDeviance   StepSize   Improve
     1        2.0794             nan     0.1000    0.1362
     2        1.9834             nan     0.1000    0.0960
     3        1.9115             nan     0.1000    0.0784
     4        1.8478             nan     0.1000    0.0682
     5        1.7918             nan     0.1000    0.0433
     6        1.7451             nan     0.1000    0.0341
     7        1.7065             nan     0.1000    0.0471
     8        1.6710             nan     0.1000    0.0254
     9        1.6399             nan     0.1000    0.0306
    10        1.6109             nan     0.1000    0.0300
    20        1.3673             nan     0.1000    0.0212
    40        1.0896             nan     0.1000    0.0028
    60        0.9111             nan     0.1000   -0.0067
    80        0.7693             nan     0.1000   -0.0014
   100        0.6581             nan     0.1000   -0.0059
   120        0.5705             nan     0.1000   -0.0036
   140        0.4936             nan     0.1000   -0.0036
   150        0.4618             nan     0.1000   -0.0035

Iter   TrainDeviance   ValidDeviance   StepSize   Improve
     1        2.0794             nan     0.1000    0.0490
     2        2.0454             nan     0.1000    0.0527
     3        2.0083             nan     0.1000    0.0412
     4        1.9795             nan     0.1000    0.0310
     5        1.9582             nan     0.1000    0.0205
     6        1.9353             nan     0.1000    0.0199
     7        1.9145             nan     0.1000    0.0187
     8        1.8980             nan     0.1000    0.0147
     9        1.8838             nan     0.1000    0.0183
    10        1.8703             nan     0.1000    0.0075
    20        1.7655             nan     0.1000    0.0056
    40        1.6393             nan     0.1000    0.0015
    60        1.5559             nan     0.1000   -0.0062
    80        1.4845             nan     0.1000   -0.0062
   100        1.4255             nan     0.1000   -0.0037
   120        1.3773             nan     0.1000   -0.0037
   140        1.3308             nan     0.1000   -0.0056
   150        1.3087             nan     0.1000   -0.0049

Iter   TrainDeviance   ValidDeviance   StepSize   Improve
     1        2.0794             nan     0.1000    0.1106
     2        2.0048             nan     0.1000    0.0719
     3        1.9540             nan     0.1000    0.0464
     4        1.9120             nan     0.1000    0.0378
     5        1.8742             nan     0.1000    0.0501
     6        1.8366             nan     0.1000    0.0383
     7        1.8062             nan     0.1000    0.0221
     8        1.7809             nan     0.1000    0.0291
     9        1.7541             nan     0.1000    0.0211
    10        1.7289             nan     0.1000    0.0172
    20        1.5495             nan     0.1000    0.0064
    40        1.3202             nan     0.1000    0.0007
    60        1.1653             nan     0.1000   -0.0005
    80        1.0429             nan     0.1000   -0.0010
   100        0.9385             nan     0.1000    0.0004
   120        0.8506             nan     0.1000   -0.0024
   140        0.7758             nan     0.1000   -0.0032
   150        0.7404             nan     0.1000   -0.0038

Iter   TrainDeviance   ValidDeviance   StepSize   Improve
     1        2.0794             nan     0.1000    0.1199
     2        1.9848             nan     0.1000    0.0891
     3        1.9146             nan     0.1000    0.0794
     4        1.8513             nan     0.1000    0.0600
     5        1.8015             nan     0.1000    0.0375
     6        1.7636             nan     0.1000    0.0522
     7        1.7241             nan     0.1000    0.0392
     8        1.6912             nan     0.1000    0.0277
     9        1.6594             nan     0.1000    0.0215
    10        1.6351             nan     0.1000    0.0302
    20        1.3987             nan     0.1000    0.0009
    40        1.1284             nan     0.1000    0.0005
    60        0.9356             nan     0.1000   -0.0024
    80        0.7960             nan     0.1000   -0.0044
   100        0.6832             nan     0.1000   -0.0013
   120        0.5910             nan     0.1000   -0.0057
   140        0.5136             nan     0.1000    0.0001
   150        0.4784             nan     0.1000   -0.0022

Iter   TrainDeviance   ValidDeviance   StepSize   Improve
     1        2.0794             nan     0.1000    0.0435
     2        2.0435             nan     0.1000    0.0494
     3        2.0059             nan     0.1000    0.0334
     4        1.9789             nan     0.1000    0.0368
     5        1.9518             nan     0.1000    0.0290
     6        1.9308             nan     0.1000    0.0268
     7        1.9092             nan     0.1000    0.0180
     8        1.8928             nan     0.1000    0.0225
     9        1.8756             nan     0.1000    0.0177
    10        1.8612             nan     0.1000    0.0077
    20        1.7491             nan     0.1000    0.0015
    40        1.6249             nan     0.1000   -0.0021
    60        1.5399             nan     0.1000   -0.0018
    80        1.4714             nan     0.1000   -0.0028
   100        1.4141             nan     0.1000   -0.0077
   120        1.3663             nan     0.1000   -0.0041
   140        1.3214             nan     0.1000   -0.0060
   150        1.3001             nan     0.1000   -0.0059

Iter   TrainDeviance   ValidDeviance   StepSize   Improve
     1        2.0794             nan     0.1000    0.1107
     2        2.0030             nan     0.1000    0.0813
     3        1.9466             nan     0.1000    0.0579
     4        1.9007             nan     0.1000    0.0523
     5        1.8610             nan     0.1000    0.0440
     6        1.8252             nan     0.1000    0.0460
     7        1.7880             nan     0.1000    0.0346
     8        1.7584             nan     0.1000    0.0305
     9        1.7299             nan     0.1000    0.0192
    10        1.7039             nan     0.1000    0.0268
    20        1.5220             nan     0.1000    0.0059
    40        1.3067             nan     0.1000    0.0049
    60        1.1582             nan     0.1000   -0.0019
    80        1.0353             nan     0.1000   -0.0069
   100        0.9302             nan     0.1000   -0.0026
   120        0.8458             nan     0.1000   -0.0023
   140        0.7711             nan     0.1000   -0.0047
   150        0.7383             nan     0.1000   -0.0056

Iter   TrainDeviance   ValidDeviance   StepSize   Improve
     1        2.0794             nan     0.1000    0.1421
     2        1.9820             nan     0.1000    0.0968
     3        1.9028             nan     0.1000    0.0944
     4        1.8311             nan     0.1000    0.0450
     5        1.7874             nan     0.1000    0.0609
     6        1.7359             nan     0.1000    0.0406
     7        1.6982             nan     0.1000    0.0496
     8        1.6582             nan     0.1000    0.0393
     9        1.6192             nan     0.1000    0.0306
    10        1.5882             nan     0.1000    0.0216
    20        1.3769             nan     0.1000    0.0063
    40        1.0978             nan     0.1000    0.0008
    60        0.9090             nan     0.1000   -0.0039
    80        0.7629             nan     0.1000   -0.0026
   100        0.6550             nan     0.1000   -0.0044
   120        0.5677             nan     0.1000   -0.0040
   140        0.4875             nan     0.1000   -0.0032
   150        0.4512             nan     0.1000   -0.0015

Iter   TrainDeviance   ValidDeviance   StepSize   Improve
     1        2.0794             nan     0.1000    0.0533
     2        2.0395             nan     0.1000    0.0560
     3        2.0061             nan     0.1000    0.0375
     4        1.9800             nan     0.1000    0.0401
     5        1.9527             nan     0.1000    0.0308
     6        1.9298             nan     0.1000    0.0205
     7        1.9083             nan     0.1000    0.0175
     8        1.8913             nan     0.1000    0.0092
     9        1.8757             nan     0.1000    0.0179
    10        1.8578             nan     0.1000    0.0116
    20        1.7500             nan     0.1000    0.0014
    40        1.6263             nan     0.1000   -0.0036
    60        1.5461             nan     0.1000   -0.0020
    80        1.4788             nan     0.1000   -0.0041
   100        1.4245             nan     0.1000   -0.0066
   120        1.3779             nan     0.1000   -0.0017
   140        1.3335             nan     0.1000   -0.0053
   150        1.3148             nan     0.1000   -0.0049

Iter   TrainDeviance   ValidDeviance   StepSize   Improve
     1        2.0794             nan     0.1000    0.0859
     2        2.0110             nan     0.1000    0.0903
     3        1.9451             nan     0.1000    0.0555
     4        1.9023             nan     0.1000    0.0464
     5        1.8623             nan     0.1000    0.0451
     6        1.8282             nan     0.1000    0.0387
     7        1.7962             nan     0.1000    0.0330
     8        1.7665             nan     0.1000    0.0252
     9        1.7413             nan     0.1000    0.0284
    10        1.7167             nan     0.1000    0.0173
    20        1.5406             nan     0.1000    0.0035
    40        1.3207             nan     0.1000    0.0004
    60        1.1695             nan     0.1000   -0.0033
    80        1.0467             nan     0.1000   -0.0017
   100        0.9477             nan     0.1000   -0.0022
   120        0.8607             nan     0.1000   -0.0024
   140        0.7831             nan     0.1000   -0.0023
   150        0.7464             nan     0.1000   -0.0042

Iter   TrainDeviance   ValidDeviance   StepSize   Improve
     1        2.0794             nan     0.1000    0.1469
     2        1.9770             nan     0.1000    0.0878
     3        1.9101             nan     0.1000    0.0700
     4        1.8519             nan     0.1000    0.0636
     5        1.8010             nan     0.1000    0.0439
     6        1.7568             nan     0.1000    0.0520
     7        1.7128             nan     0.1000    0.0339
     8        1.6809             nan     0.1000    0.0332
     9        1.6502             nan     0.1000    0.0237
    10        1.6132             nan     0.1000    0.0238
    20        1.3994             nan     0.1000    0.0114
    40        1.1287             nan     0.1000   -0.0024
    60        0.9418             nan     0.1000    0.0012
    80        0.7971             nan     0.1000   -0.0016
   100        0.6796             nan     0.1000    0.0004
   120        0.5863             nan     0.1000   -0.0046
   140        0.5116             nan     0.1000   -0.0034
   150        0.4767             nan     0.1000   -0.0034

Iter   TrainDeviance   ValidDeviance   StepSize   Improve
     1        2.0794             nan     0.1000    0.0642
     2        2.0367             nan     0.1000    0.0539
     3        2.0032             nan     0.1000    0.0444
     4        1.9718             nan     0.1000    0.0311
     5        1.9473             nan     0.1000    0.0268
     6        1.9253             nan     0.1000    0.0264
     7        1.9062             nan     0.1000    0.0197
     8        1.8899             nan     0.1000    0.0149
     9        1.8740             nan     0.1000    0.0153
    10        1.8602             nan     0.1000    0.0132
    20        1.7565             nan     0.1000    0.0004
    40        1.6347             nan     0.1000   -0.0009
    60        1.5559             nan     0.1000   -0.0095
    80        1.4906             nan     0.1000   -0.0031
   100        1.4314             nan     0.1000   -0.0051
   120        1.3827             nan     0.1000   -0.0038
   140        1.3377             nan     0.1000   -0.0046
   150        1.3172             nan     0.1000   -0.0059

Iter   TrainDeviance   ValidDeviance   StepSize   Improve
     1        2.0794             nan     0.1000    0.0753
     2        2.0227             nan     0.1000    0.0863
     3        1.9614             nan     0.1000    0.0591
     4        1.9147             nan     0.1000    0.0363
     5        1.8764             nan     0.1000    0.0427
     6        1.8406             nan     0.1000    0.0393
     7        1.8076             nan     0.1000    0.0333
     8        1.7755             nan     0.1000    0.0231
     9        1.7514             nan     0.1000    0.0253
    10        1.7253             nan     0.1000    0.0200
    20        1.5403             nan     0.1000    0.0083
    40        1.3145             nan     0.1000   -0.0007
    60        1.1673             nan     0.1000   -0.0017
    80        1.0455             nan     0.1000    0.0028
   100        0.9409             nan     0.1000   -0.0015
   120        0.8521             nan     0.1000   -0.0020
   140        0.7736             nan     0.1000   -0.0036
   150        0.7378             nan     0.1000   -0.0029

Iter   TrainDeviance   ValidDeviance   StepSize   Improve
     1        2.0794             nan     0.1000    0.1378
     2        1.9819             nan     0.1000    0.0782
     3        1.9143             nan     0.1000    0.0672
     4        1.8581             nan     0.1000    0.0666
     5        1.8048             nan     0.1000    0.0574
     6        1.7554             nan     0.1000    0.0380
     7        1.7164             nan     0.1000    0.0342
     8        1.6798             nan     0.1000    0.0361
     9        1.6488             nan     0.1000    0.0204
    10        1.6167             nan     0.1000    0.0241
    20        1.3922             nan     0.1000    0.0077
    40        1.1194             nan     0.1000    0.0025
    60        0.9335             nan     0.1000   -0.0030
    80        0.7895             nan     0.1000   -0.0014
   100        0.6664             nan     0.1000    0.0004
   120        0.5762             nan     0.1000   -0.0037
   140        0.5020             nan     0.1000   -0.0041
   150        0.4671             nan     0.1000   -0.0025

Iter   TrainDeviance   ValidDeviance   StepSize   Improve
     1        2.0794             nan     0.1000    0.0727
     2        2.0330             nan     0.1000    0.0542
     3        1.9979             nan     0.1000    0.0326
     4        1.9697             nan     0.1000    0.0322
     5        1.9419             nan     0.1000    0.0297
     6        1.9201             nan     0.1000    0.0274
     7        1.9013             nan     0.1000    0.0203
     8        1.8839             nan     0.1000    0.0129
     9        1.8698             nan     0.1000    0.0110
    10        1.8529             nan     0.1000    0.0079
    20        1.7468             nan     0.1000    0.0040
    40        1.6176             nan     0.1000   -0.0046
    60        1.5324             nan     0.1000   -0.0050
    80        1.4654             nan     0.1000   -0.0020
   100        1.4073             nan     0.1000   -0.0033
   120        1.3591             nan     0.1000   -0.0032
   140        1.3161             nan     0.1000   -0.0036
   150        1.2959             nan     0.1000   -0.0065

Iter   TrainDeviance   ValidDeviance   StepSize   Improve
     1        2.0794             nan     0.1000    0.1027
     2        2.0068             nan     0.1000    0.0738
     3        1.9497             nan     0.1000    0.0448
     4        1.9064             nan     0.1000    0.0515
     5        1.8651             nan     0.1000    0.0414
     6        1.8304             nan     0.1000    0.0381
     7        1.7953             nan     0.1000    0.0238
     8        1.7672             nan     0.1000    0.0266
     9        1.7421             nan     0.1000    0.0162
    10        1.7235             nan     0.1000    0.0227
    20        1.5431             nan     0.1000    0.0028
    40        1.3373             nan     0.1000    0.0017
    60        1.1808             nan     0.1000    0.0006
    80        1.0564             nan     0.1000   -0.0030
   100        0.9539             nan     0.1000   -0.0029
   120        0.8694             nan     0.1000   -0.0031
   140        0.7949             nan     0.1000   -0.0011
   150        0.7597             nan     0.1000   -0.0049

Iter   TrainDeviance   ValidDeviance   StepSize   Improve
     1        2.0794             nan     0.1000    0.1325
     2        1.9850             nan     0.1000    0.1109
     3        1.9043             nan     0.1000    0.0813
     4        1.8417             nan     0.1000    0.0588
     5        1.7930             nan     0.1000    0.0499
     6        1.7481             nan     0.1000    0.0443
     7        1.7079             nan     0.1000    0.0270
     8        1.6741             nan     0.1000    0.0301
     9        1.6408             nan     0.1000    0.0294
    10        1.6098             nan     0.1000    0.0158
    20        1.3942             nan     0.1000    0.0021
    40        1.1294             nan     0.1000   -0.0006
    60        0.9446             nan     0.1000   -0.0022
    80        0.8073             nan     0.1000   -0.0034
   100        0.6979             nan     0.1000   -0.0034
   120        0.6014             nan     0.1000   -0.0018
   140        0.5260             nan     0.1000   -0.0027
   150        0.4907             nan     0.1000   -0.0035

Iter   TrainDeviance   ValidDeviance   StepSize   Improve
     1        2.0794             nan     0.1000    0.0534
     2        2.0407             nan     0.1000    0.0507
     3        2.0051             nan     0.1000    0.0412
     4        1.9745             nan     0.1000    0.0344
     5        1.9481             nan     0.1000    0.0326
     6        1.9246             nan     0.1000    0.0175
     7        1.9044             nan     0.1000    0.0157
     8        1.8878             nan     0.1000    0.0209
     9        1.8703             nan     0.1000    0.0188
    10        1.8538             nan     0.1000    0.0138
    20        1.7440             nan     0.1000    0.0039
    40        1.6197             nan     0.1000   -0.0008
    60        1.5363             nan     0.1000   -0.0004
    80        1.4667             nan     0.1000   -0.0096
   100        1.4089             nan     0.1000   -0.0013
   120        1.3561             nan     0.1000   -0.0055
   140        1.3118             nan     0.1000   -0.0024
   150        1.2919             nan     0.1000   -0.0052

Iter   TrainDeviance   ValidDeviance   StepSize   Improve
     1        2.0794             nan     0.1000    0.0936
     2        2.0123             nan     0.1000    0.0708
     3        1.9588             nan     0.1000    0.0592
     4        1.9147             nan     0.1000    0.0566
     5        1.8743             nan     0.1000    0.0420
     6        1.8368             nan     0.1000    0.0361
     7        1.8042             nan     0.1000    0.0303
     8        1.7742             nan     0.1000    0.0296
     9        1.7443             nan     0.1000    0.0198
    10        1.7192             nan     0.1000    0.0209
    20        1.5346             nan     0.1000    0.0078
    40        1.3125             nan     0.1000    0.0002
    60        1.1467             nan     0.1000   -0.0026
    80        1.0172             nan     0.1000   -0.0017
   100        0.9151             nan     0.1000   -0.0028
   120        0.8326             nan     0.1000   -0.0008
   140        0.7608             nan     0.1000   -0.0041
   150        0.7256             nan     0.1000   -0.0036

Iter   TrainDeviance   ValidDeviance   StepSize   Improve
     1        2.0794             nan     0.1000    0.1101
     2        1.9915             nan     0.1000    0.0911
     3        1.9121             nan     0.1000    0.0729
     4        1.8529             nan     0.1000    0.0594
     5        1.7991             nan     0.1000    0.0540
     6        1.7536             nan     0.1000    0.0359
     7        1.7130             nan     0.1000    0.0305
     8        1.6807             nan     0.1000    0.0399
     9        1.6448             nan     0.1000    0.0290
    10        1.6141             nan     0.1000    0.0253
    20        1.3877             nan     0.1000    0.0069
    40        1.0997             nan     0.1000    0.0021
    60        0.9180             nan     0.1000   -0.0007
    80        0.7801             nan     0.1000   -0.0041
   100        0.6633             nan     0.1000   -0.0030
   120        0.5678             nan     0.1000   -0.0038
   140        0.4940             nan     0.1000   -0.0027
   150        0.4591             nan     0.1000   -0.0046

Iter   TrainDeviance   ValidDeviance   StepSize   Improve
     1        2.0794             nan     0.1000    0.0604
     2        2.0339             nan     0.1000    0.0411
     3        2.0035             nan     0.1000    0.0433
     4        1.9732             nan     0.1000    0.0352
     5        1.9483             nan     0.1000    0.0244
     6        1.9266             nan     0.1000    0.0222
     7        1.9075             nan     0.1000    0.0183
     8        1.8917             nan     0.1000    0.0156
     9        1.8766             nan     0.1000    0.0196
    10        1.8611             nan     0.1000    0.0048
    20        1.7583             nan     0.1000    0.0019
    40        1.6373             nan     0.1000    0.0003
    60        1.5520             nan     0.1000   -0.0010
    80        1.4854             nan     0.1000   -0.0018
   100        1.4278             nan     0.1000   -0.0059
   120        1.3748             nan     0.1000   -0.0030
   140        1.3306             nan     0.1000   -0.0039
   150        1.3096             nan     0.1000   -0.0048

Iter   TrainDeviance   ValidDeviance   StepSize   Improve
     1        2.0794             nan     0.1000    0.0930
     2        2.0155             nan     0.1000    0.0702
     3        1.9596             nan     0.1000    0.0504
     4        1.9135             nan     0.1000    0.0431
     5        1.8792             nan     0.1000    0.0359
     6        1.8433             nan     0.1000    0.0278
     7        1.8117             nan     0.1000    0.0268
     8        1.7846             nan     0.1000    0.0274
     9        1.7567             nan     0.1000    0.0271
    10        1.7322             nan     0.1000    0.0203
    20        1.5494             nan     0.1000    0.0072
    40        1.3234             nan     0.1000    0.0030
    60        1.1689             nan     0.1000   -0.0012
    80        1.0492             nan     0.1000   -0.0044
   100        0.9496             nan     0.1000   -0.0061
   120        0.8666             nan     0.1000   -0.0057
   140        0.7898             nan     0.1000   -0.0025
   150        0.7551             nan     0.1000   -0.0051

Iter   TrainDeviance   ValidDeviance   StepSize   Improve
     1        2.0794             nan     0.1000    0.1012
     2        1.9925             nan     0.1000    0.1035
     3        1.9172             nan     0.1000    0.0661
     4        1.8599             nan     0.1000    0.0737
     5        1.8064             nan     0.1000    0.0409
     6        1.7625             nan     0.1000    0.0394
     7        1.7255             nan     0.1000    0.0301
     8        1.6927             nan     0.1000    0.0313
     9        1.6620             nan     0.1000    0.0375
    10        1.6275             nan     0.1000    0.0228
    20        1.4082             nan     0.1000    0.0031
    40        1.1309             nan     0.1000    0.0009
    60        0.9408             nan     0.1000   -0.0028
    80        0.8000             nan     0.1000   -0.0048
   100        0.6882             nan     0.1000   -0.0041
   120        0.6005             nan     0.1000   -0.0048
   140        0.5192             nan     0.1000   -0.0004
   150        0.4824             nan     0.1000   -0.0029

Iter   TrainDeviance   ValidDeviance   StepSize   Improve
     1        2.0794             nan     0.1000    0.0615
     2        2.0368             nan     0.1000    0.0396
     3        2.0032             nan     0.1000    0.0321
     4        1.9772             nan     0.1000    0.0257
     5        1.9551             nan     0.1000    0.0305
     6        1.9332             nan     0.1000    0.0267
     7        1.9116             nan     0.1000    0.0203
     8        1.8948             nan     0.1000    0.0178
     9        1.8801             nan     0.1000    0.0144
    10        1.8660             nan     0.1000    0.0149
    20        1.7666             nan     0.1000    0.0032
    40        1.6456             nan     0.1000   -0.0032
    60        1.5648             nan     0.1000   -0.0049
    80        1.4998             nan     0.1000   -0.0032
   100        1.4424             nan     0.1000   -0.0018
   120        1.3891             nan     0.1000   -0.0037
   140        1.3460             nan     0.1000   -0.0035
   150        1.3247             nan     0.1000   -0.0050

Iter   TrainDeviance   ValidDeviance   StepSize   Improve
     1        2.0794             nan     0.1000    0.0974
     2        2.0135             nan     0.1000    0.0827
     3        1.9565             nan     0.1000    0.0473
     4        1.9139             nan     0.1000    0.0497
     5        1.8750             nan     0.1000    0.0328
     6        1.8415             nan     0.1000    0.0395
     7        1.8062             nan     0.1000    0.0342
     8        1.7770             nan     0.1000    0.0246
     9        1.7556             nan     0.1000    0.0218
    10        1.7288             nan     0.1000    0.0204
    20        1.5448             nan     0.1000    0.0056
    40        1.3227             nan     0.1000   -0.0006
    60        1.1674             nan     0.1000   -0.0021
    80        1.0466             nan     0.1000   -0.0065
   100        0.9439             nan     0.1000   -0.0016
   120        0.8598             nan     0.1000   -0.0003
   140        0.7765             nan     0.1000   -0.0040
   150        0.7432             nan     0.1000   -0.0044

Iter   TrainDeviance   ValidDeviance   StepSize   Improve
     1        2.0794             nan     0.1000    0.1040
     2        2.0010             nan     0.1000    0.0852
     3        1.9287             nan     0.1000    0.0728
     4        1.8695             nan     0.1000    0.0612
     5        1.8169             nan     0.1000    0.0453
     6        1.7735             nan     0.1000    0.0445
     7        1.7327             nan     0.1000    0.0327
     8        1.6970             nan     0.1000    0.0367
     9        1.6598             nan     0.1000    0.0217
    10        1.6317             nan     0.1000    0.0245
    20        1.4002             nan     0.1000    0.0052
    40        1.1175             nan     0.1000    0.0043
    60        0.9308             nan     0.1000    0.0030
    80        0.7847             nan     0.1000   -0.0024
   100        0.6696             nan     0.1000   -0.0031
   120        0.5746             nan     0.1000   -0.0035
   140        0.5004             nan     0.1000   -0.0026
   150        0.4689             nan     0.1000   -0.0021

Iter   TrainDeviance   ValidDeviance   StepSize   Improve
     1        2.0794             nan     0.1000    0.0902
     2        2.0037             nan     0.1000    0.0605
     3        1.9464             nan     0.1000    0.0581
     4        1.8895             nan     0.1000    0.0572
     5        1.8432             nan     0.1000    0.0302
     6        1.8086             nan     0.1000    0.0284
     7        1.7747             nan     0.1000    0.0284
     8        1.7426             nan     0.1000    0.0208
     9        1.7165             nan     0.1000    0.0240
    10        1.6920             nan     0.1000    0.0105
    20        1.5128             nan     0.1000    0.0026
    40        1.2991             nan     0.1000   -0.0097
    60        1.1419             nan     0.1000   -0.0107
    80        1.0083             nan     0.1000   -0.0103
   100        0.9068             nan     0.1000   -0.0080
   120        0.8187             nan     0.1000   -0.0089
   140        0.7428             nan     0.1000   -0.0122
   150        0.7089             nan     0.1000   -0.0084

Model size:  22 
-------Evaluation
              y
y1             coast forest highway insidecity mountain opencountry street tallbuilding
  coast          154      5       3          0        5           6      3            7
  forest           3    142       0          4        5           6      1            3
  highway          3      1     130          2        3           6      1            3
  insidecity       7      7       2        134        2           7      3            9
  mountain         5      1       1          4      170           2      2            3
  opencountry     10      4       5         14        7         187      1            7
  street           4      3       1          0        3           0    140            3
  tallbuilding     3      5       1          0        6           4      1          140
[1] 0.1474359
              y
y1             coast forest highway insidecity mountain opencountry street tallbuilding
  coast           38      5       6          3        7          10      2            8
  forest           6     32       0          4       10           6      3            8
  highway         11      0      36          2        3           7      3            1
  insidecity       3      9       4         35        5           7      2            8
  mountain         8      5       8          7       41           8      4            7
  opencountry      7     13       4         10        9          44      6           11
  street           5      4       3          3        2           4     38            2
  tallbuilding     3      3       0          3        8           7      6           29
[1] 0.5083893
